PARSFILE
#FullDataName Tire: Lateral Force`Open Wheel Top Level - Road Course Front`Racing Tires
#CheckBox0 0    

#RingCtrl0 CARPET_FROM_ZERO
#RadioCtrl0 0    
#RadioCtrl1 0    

*3D_XLabel Vertical load (N)
*3D_YLabel Abs. slip angle [Alpha] (deg)
*3D_ZLabel Abs. lateral tire force Fy (N)

#DiagramTwo0
*3D_DATA 8, 51 ! columns x rows
FY_TIRE_CARPET 2D_FROM_ZERO
0, 2780.19, 5560.37, 8340.56, 11120.74, 13900.93, 16681.11, 19461.3, 22241.48
0.5, 923.61, 1776.11, 2554.4, 3254.29, 3872.25, 4405.29, 4850.8, 5206.45
1, 1702.72, 3277.24, 4715.88, 6010.38, 7153.96, 8140.89, 8966.21, 9625.52
1.5, 2280.96, 4394.67, 6327.84, 8068.56, 9607.3, 10936.05, 12047.94, 12936.86
2, 2679.52, 5167.33, 7444.63, 9496.56, 11311.41, 12879.46, 14192.34, 15242.71
2.5, 2945.28, 5684.05, 8192.86, 10454.57, 12455.89, 14185.8, 15634.91, 16794.93
3, 3120.56, 6025.78, 8688.52, 11089.99, 13215.72, 15053.82, 16594.11, 17827.69
3.5, 3235.9, 6251.23, 9016.06, 11510.39, 13718.91, 15629.11, 17230.27, 18513.03
4, 3311.64, 6399.7, 9232.12, 11788.03, 14051.57, 16009.73, 17651.46, 18967.07
4.5, 3361.02, 6496.79, 9373.69, 11970.23, 14270.1, 16260.02, 17928.65, 19266.09
5, 3392.63, 6559.21, 9464.94, 12087.87, 14411.42, 16422.06, 18108.29, 19460.06
5.5, 3412.14, 6597.96, 9521.79, 12161.36, 14499.88, 16523.67, 18221.1, 19582.02
6, 3423.31, 6620.38, 9554.88, 12204.33, 14551.78, 16583.46, 18287.64, 19654.1
6.5, 3428.68, 6631.43, 9571.42, 12226.01, 14578.17, 16614.05, 18321.86, 19691.34
7, 3430.01, 6634.52, 9576.36, 12232.78, 14586.67, 16624.14, 18333.38, 19704.09
7.5, 3428.5, 6632.03, 9573.15, 12229.05, 14582.57, 16619.8, 18328.91, 19699.59
8, 3425.02, 6625.64, 9564.24, 12217.95, 14569.62, 16605.31, 18313.19, 19682.94
8.5, 3420.17, 6616.53, 9551.34, 12201.71, 14550.49, 16583.72, 18289.59, 19657.78
9, 3414.38, 6605.56, 9535.71, 12181.94, 14527.09, 16557.24, 18260.56, 19626.73
9.5, 3407.97, 6593.35, 9518.25, 12159.79, 14500.83, 16527.45, 18227.85, 19591.7
10, 3401.17, 6580.34, 9499.6, 12136.1, 14472.71, 16495.52, 18192.74, 19554.08
10.5, 3394.14, 6566.86, 9480.26, 12111.49, 14443.46, 16462.28, 18156.18, 19514.87
11, 3387.01, 6553.16, 9460.56, 12086.42, 14413.64, 16428.37, 18118.85, 19474.82
11.5, 3379.86, 6539.4, 9440.77, 12061.2, 14383.64, 16394.24, 18081.27, 19434.48
12, 3372.75, 6525.71, 9421.07, 12036.09, 14353.74, 16360.21, 18043.79, 19394.25
12.5, 3365.74, 6512.19, 9401.59, 12011.25, 14324.16, 16326.54, 18006.69, 19354.41
13, 3358.84, 6498.9, 9382.44, 11986.81, 14295.05, 16293.39, 17970.16, 19315.17
13.5, 3352.1, 6485.88, 9363.67, 11962.86, 14266.51, 16260.88, 17934.33, 19276.69
14, 3345.52, 6473.16, 9345.33, 11939.45, 14238.61, 16229.1, 17899.3, 19239.05
14.5, 3339.1, 6460.77, 9327.45, 11916.62, 14211.4, 16198.11, 17865.12, 19202.33
15, 3332.87, 6448.71, 9310.06, 11894.41, 14184.92, 16167.92, 17831.84, 19166.56
15.5, 3326.81, 6436.99, 9293.14, 11872.8, 14159.16, 16138.57, 17799.48, 19131.78
16, 3320.93, 6425.62, 9276.72, 11851.82, 14134.14, 16110.06, 17768.03, 19097.98
16.5, 3315.23, 6414.58, 9260.78, 11831.46, 14109.85, 16082.37, 17737.49, 19065.15
17, 3309.7, 6403.87, 9245.32, 11811.7, 14086.28, 16055.5, 17707.86, 19033.3
17.5, 3304.33, 6393.49, 9230.32, 11792.53, 14063.42, 16029.44, 17679.1, 19002.39
18, 3299.14, 6383.42, 9215.78, 11773.94, 14041.24, 16004.16, 17651.21, 18972.4
18.5, 3294.1, 6373.66, 9201.68, 11755.92, 14019.74, 15979.64, 17624.16, 18943.32
19, 3289.21, 6364.2, 9188, 11738.44, 13998.88, 15955.85, 17597.92, 18915.11
19.5, 3284.48, 6355.02, 9174.74, 11721.48, 13978.65, 15932.78, 17572.46, 18887.74
20, 3279.89, 6346.12, 9161.88, 11705.03, 13959.02, 15910.4, 17547.77, 18861.18
20.5, 3275.43, 6337.48, 9149.4, 11689.08, 13939.98, 15888.68, 17523.8, 18835.41
21, 3271.11, 6329.11, 9137.28, 11673.59, 13921.49, 15867.6, 17500.53, 18810.39
21.5, 3266.92, 6320.97, 9125.53, 11658.55, 13903.54, 15847.13, 17477.95, 18786.1
22, 3262.85, 6313.07, 9114.11, 11643.95, 13886.11, 15827.25, 17456.01, 18762.5
22.5, 3258.89, 6305.4, 9103.02, 11629.76, 13869.18, 15807.93, 17434.69, 18739.58
23, 3255.05, 6297.95, 9092.24, 11615.98, 13852.73, 15789.16, 17413.98, 18717.3
23.5, 3251.31, 6290.71, 9081.76, 11602.57, 13836.73, 15770.92, 17393.84, 18695.64
24, 3247.68, 6283.66, 9071.58, 11589.54, 13821.17, 15753.17, 17374.25, 18674.58
24.5, 3244.15, 6276.81, 9061.67, 11576.87, 13806.04, 15735.9, 17355.2, 18654.08
25, 3240.72, 6270.14, 9052.02, 11564.53, 13791.31, 15719.1, 17336.65, 18634.13
25.5, 3240.72, 6270.14, 9052.02, 11564.53, 13791.31, 15719.1, 17336.65, 18634.13
ENDTABLE

MU_REF_Y 1


LOG_ENTRY Used Dataset: Tire: Lateral Force; { Racing Tires } Open Wheel Top Level - Road Course Front
#Library : Tire: Lateral Force
#DataSet : Open Wheel Top Level - Road Course Front
#Category: Racing Tires
#FileID  : TireFy_41ef9cd5-0349-4a00-a8ce-8d66d98655a3
#Product : CarSim 2017.1
#VehCode Tire: Fy

END
