PARSFILE
#FullDataName Tire: Lateral Force`Open Wheel Club Level - Road Course Rear`Racing Tires
#CheckBox0 0    

#RingCtrl0 CARPET_FROM_ZERO
#RadioCtrl0 0    
#RadioCtrl1 0    

*3D_XLabel Vertical load (N)
*3D_YLabel Abs. slip angle [Alpha] (deg)
*3D_ZLabel Abs. lateral tire force Fy (N)

#DiagramTwo0
*3D_DATA 8, 51 ! columns x rows
FY_TIRE_CARPET 2D_FROM_ZERO
0, 343.23, 686.47, 1029.7, 1372.93, 1716.16, 2059.4, 2402.63, 2745.86
0.5, 129.46, 248.97, 358.07, 456.18, 542.82, 617.54, 680, 729.86
1, 237.18, 456.54, 656.98, 837.36, 996.71, 1134.24, 1249.26, 1341.15
1.5, 315.44, 607.84, 875.29, 1116.13, 1329.05, 1512.93, 1666.8, 1789.84
2, 368.2, 710.16, 1023.23, 1305.34, 1554.88, 1770.5, 1951.06, 2095.52
2.5, 402.66, 777.2, 1120.34, 1429.71, 1703.49, 1940.15, 2138.42, 2297.15
3, 424.97, 820.71, 1183.47, 1510.66, 1800.31, 2050.79, 2260.7, 2428.82
3.5, 439.37, 848.89, 1224.43, 1563.26, 1863.28, 2122.79, 2340.33, 2514.63
4, 448.65, 867.09, 1250.93, 1597.33, 1904.11, 2169.53, 2392.06, 2570.41
4.5, 454.56, 878.72, 1267.91, 1619.18, 1930.34, 2199.58, 2425.36, 2606.33
5, 458.22, 885.98, 1278.52, 1632.88, 1946.81, 2218.47, 2446.31, 2628.97
5.5, 460.38, 890.28, 1284.84, 1641.07, 1956.68, 2229.82, 2458.92, 2642.62
6, 461.51, 892.56, 1288.24, 1645.49, 1962.03, 2236, 2465.82, 2650.1
6.5, 461.93, 893.46, 1289.61, 1647.32, 1964.28, 2238.62, 2468.77, 2653.33
7, 461.87, 893.41, 1289.59, 1647.35, 1964.37, 2238.78, 2468.99, 2653.61
7.5, 461.47, 892.7, 1288.61, 1646.14, 1962.97, 2237.23, 2467.32, 2651.85
8, 460.85, 891.53, 1286.97, 1644.07, 1960.54, 2234.49, 2464.33, 2648.68
8.5, 460.07, 890.06, 1284.87, 1641.43, 1957.41, 2230.95, 2460.46, 2644.53
9, 459.19, 888.38, 1282.48, 1638.39, 1953.82, 2226.88, 2455.98, 2639.74
9.5, 458.25, 886.58, 1279.89, 1635.11, 1949.92, 2222.45, 2451.12, 2634.53
10, 457.27, 884.7, 1277.19, 1631.68, 1945.84, 2217.82, 2446.02, 2629.06
10.5, 456.27, 882.78, 1274.44, 1628.17, 1941.67, 2213.07, 2440.8, 2623.46
11, 455.27, 880.85, 1271.67, 1624.64, 1937.47, 2208.29, 2435.53, 2617.81
11.5, 454.27, 878.94, 1268.91, 1621.12, 1933.28, 2203.53, 2430.28, 2612.17
12, 453.29, 877.04, 1266.18, 1617.64, 1929.14, 2198.81, 2425.09, 2606.59
12.5, 452.32, 875.18, 1263.5, 1614.22, 1925.06, 2194.17, 2419.98, 2601.11
13, 451.38, 873.36, 1260.88, 1610.87, 1921.07, 2189.63, 2414.97, 2595.73
13.5, 450.46, 871.59, 1258.32, 1607.61, 1917.18, 2185.2, 2410.08, 2590.48
14, 449.57, 869.86, 1255.83, 1604.43, 1913.39, 2180.88, 2405.32, 2585.36
14.5, 448.7, 868.19, 1253.41, 1601.34, 1909.71, 2176.68, 2400.69, 2580.39
15, 447.86, 866.56, 1251.06, 1598.34, 1906.13, 2172.61, 2396.2, 2575.56
15.5, 447.05, 864.98, 1248.78, 1595.43, 1902.67, 2168.65, 2391.84, 2570.87
16, 446.26, 863.46, 1246.58, 1592.61, 1899.3, 2164.82, 2387.61, 2566.33
16.5, 445.49, 861.98, 1244.44, 1589.88, 1896.05, 2161.11, 2383.52, 2561.93
17, 444.75, 860.54, 1242.37, 1587.24, 1892.89, 2157.51, 2379.55, 2557.66
17.5, 444.04, 859.16, 1240.37, 1584.68, 1889.84, 2154.03, 2375.71, 2553.53
18, 443.35, 857.82, 1238.43, 1582.2, 1886.88, 2150.66, 2371.99, 2549.53
18.5, 442.68, 856.52, 1236.55, 1579.8, 1884.02, 2147.39, 2368.39, 2545.66
19, 442.03, 855.26, 1234.74, 1577.48, 1881.24, 2144.23, 2364.9, 2541.91
19.5, 441.4, 854.04, 1232.98, 1575.22, 1878.56, 2141.17, 2361.52, 2538.27
20, 440.79, 852.86, 1231.27, 1573.04, 1875.95, 2138.2, 2358.24, 2534.74
20.5, 440.2, 851.72, 1229.61, 1570.93, 1873.43, 2135.32, 2355.06, 2531.33
21, 439.63, 850.61, 1228.01, 1568.88, 1870.98, 2132.52, 2351.98, 2528.01
21.5, 439.07, 849.53, 1226.46, 1566.89, 1868.61, 2129.82, 2348.99, 2524.8
22, 438.53, 848.49, 1224.95, 1564.96, 1866.3, 2127.19, 2346.09, 2521.68
22.5, 438.01, 847.47, 1223.48, 1563.08, 1864.07, 2124.64, 2343.27, 2518.65
23, 437.5, 846.49, 1222.06, 1561.26, 1861.89, 2122.16, 2340.54, 2515.71
23.5, 437.01, 845.54, 1220.68, 1559.5, 1859.78, 2119.75, 2337.88, 2512.85
24, 436.53, 844.61, 1219.34, 1557.78, 1857.73, 2117.41, 2335.3, 2510.08
24.5, 436.07, 843.71, 1218.03, 1556.11, 1855.74, 2115.14, 2332.79, 2507.38
25, 435.62, 842.83, 1216.76, 1554.48, 1853.8, 2112.93, 2330.35, 2504.75
25.5, 435.62, 842.83, 1216.76, 1554.48, 1853.8, 2112.93, 2330.35, 2504.75
ENDTABLE

MU_REF_Y 1


LOG_ENTRY Used Dataset: Tire: Lateral Force; { Racing Tires } Open Wheel Club Level - Road Course Rear
#Library : Tire: Lateral Force
#DataSet : Open Wheel Club Level - Road Course Rear
#Category: Racing Tires
#FileID  : TireFy_16b14a43-5b1e-4bbd-9719-1337b0a81020
#Product : CarSim 2017.1
#VehCode Tire: Fy

END
