PARSFILE
#FullDataName Tire: Lateral Force`Open Wheel Club Level - Road Course Front`Racing Tires
#CheckBox0 0    

#RingCtrl0 CARPET_FROM_ZERO
#RadioCtrl0 0    
#RadioCtrl1 0    

*3D_XLabel Vertical load (N)
*3D_YLabel Abs. slip angle [Alpha] (deg)
*3D_ZLabel Abs. lateral tire force Fy (N)

#DiagramTwo0
*3D_DATA 8, 51 ! columns x rows
FY_TIRE_CARPET 2D_FROM_ZERO
0, 294.2, 588.4, 882.6, 1176.8, 1471, 1765.2, 2059.4, 2353.6
0.5, 110.97, 213.4, 306.92, 391.01, 465.27, 529.32, 582.86, 625.6
1, 203.29, 391.32, 563.13, 717.73, 854.32, 972.21, 1070.79, 1149.55
1.5, 270.38, 521, 750.25, 956.69, 1139.19, 1296.79, 1428.69, 1534.15
2, 315.6, 608.71, 877.05, 1118.86, 1332.76, 1517.57, 1672.33, 1796.16
2.5, 345.14, 666.17, 960.29, 1225.47, 1460.13, 1662.99, 1832.93, 1968.99
3, 364.26, 703.47, 1014.4, 1294.86, 1543.13, 1757.82, 1937.74, 2081.85
3.5, 376.61, 727.62, 1049.51, 1339.93, 1597.1, 1819.54, 2006, 2155.4
4, 384.56, 743.22, 1072.23, 1369.14, 1632.1, 1859.59, 2050.34, 2203.21
4.5, 389.62, 753.19, 1086.78, 1387.87, 1654.58, 1885.35, 2078.88, 2234
5, 392.76, 759.41, 1095.88, 1399.61, 1668.69, 1901.55, 2096.84, 2253.41
5.5, 394.61, 763.09, 1101.3, 1406.63, 1677.15, 1911.27, 2107.65, 2265.1
6, 395.58, 765.05, 1104.2, 1410.42, 1681.74, 1916.57, 2113.56, 2271.51
6.5, 395.94, 765.83, 1105.38, 1411.98, 1683.67, 1918.82, 2116.09, 2274.28
7, 395.89, 765.78, 1105.37, 1412.01, 1683.74, 1918.95, 2116.28, 2274.53
7.5, 395.55, 765.17, 1104.52, 1410.98, 1682.55, 1917.62, 2114.84, 2273.02
8, 395.01, 764.17, 1103.12, 1409.21, 1680.47, 1915.28, 2112.29, 2270.29
8.5, 394.35, 762.91, 1101.32, 1406.94, 1677.78, 1912.25, 2108.96, 2266.74
9, 393.59, 761.47, 1099.27, 1404.34, 1674.7, 1908.75, 2105.13, 2262.63
9.5, 392.78, 759.93, 1097.05, 1401.52, 1671.36, 1904.96, 2100.96, 2258.17
10, 391.94, 758.31, 1094.74, 1398.58, 1667.86, 1900.99, 2096.59, 2253.48
10.5, 391.09, 756.67, 1092.38, 1395.57, 1664.29, 1896.92, 2092.11, 2248.68
11, 390.23, 755.02, 1090, 1392.55, 1660.69, 1892.82, 2087.6, 2243.84
11.5, 389.37, 753.37, 1087.63, 1389.53, 1657.1, 1888.74, 2083.1, 2239.01
12, 388.53, 751.75, 1085.3, 1386.55, 1653.54, 1884.69, 2078.65, 2234.22
12.5, 387.71, 750.16, 1083, 1383.62, 1650.05, 1880.72, 2074.27, 2229.52
13, 386.9, 748.6, 1080.75, 1380.75, 1646.64, 1876.83, 2069.98, 2224.91
13.5, 386.11, 747.08, 1078.56, 1377.95, 1643.3, 1873.03, 2065.79, 2220.41
14, 385.35, 745.6, 1076.42, 1375.22, 1640.05, 1869.32, 2061.71, 2216.02
14.5, 384.6, 744.16, 1074.35, 1372.58, 1636.89, 1865.73, 2057.74, 2211.76
15, 383.88, 742.77, 1072.34, 1370.01, 1633.83, 1862.23, 2053.89, 2207.62
15.5, 383.18, 741.41, 1070.39, 1367.51, 1630.86, 1858.85, 2050.15, 2203.6
16, 382.51, 740.11, 1068.5, 1365.1, 1627.97, 1855.56, 2046.53, 2199.71
16.5, 381.85, 738.84, 1066.67, 1362.76, 1625.18, 1852.38, 2043.02, 2195.94
17, 381.22, 737.61, 1064.89, 1360.49, 1622.48, 1849.3, 2039.62, 2192.28
17.5, 380.6, 736.42, 1063.18, 1358.3, 1619.86, 1846.31, 2036.32, 2188.74
18, 380.01, 735.27, 1061.51, 1356.17, 1617.33, 1843.42, 2033.14, 2185.31
18.5, 379.44, 734.16, 1059.9, 1354.12, 1614.87, 1840.62, 2030.05, 2181.99
19, 378.88, 733.08, 1058.35, 1352.12, 1612.5, 1837.91, 2027.06, 2178.78
19.5, 378.34, 732.03, 1056.84, 1350.19, 1610.19, 1835.28, 2024.16, 2175.66
20, 377.82, 731.02, 1055.37, 1348.32, 1607.96, 1832.74, 2021.35, 2172.64
20.5, 377.31, 730.04, 1053.96, 1346.51, 1605.8, 1830.27, 2018.62, 2169.71
21, 376.82, 729.09, 1052.58, 1344.75, 1603.7, 1827.88, 2015.98, 2166.87
21.5, 376.35, 728.17, 1051.25, 1343.05, 1601.66, 1825.56, 2013.42, 2164.11
22, 375.89, 727.27, 1049.95, 1341.39, 1599.69, 1823.3, 2010.93, 2161.44
22.5, 375.44, 726.41, 1048.7, 1339.78, 1597.77, 1821.12, 2008.52, 2158.85
23, 375, 725.56, 1047.48, 1338.23, 1595.91, 1818.99, 2006.18, 2156.32
23.5, 374.58, 724.74, 1046.3, 1336.71, 1594.1, 1816.93, 2003.9, 2153.88
24, 374.17, 723.95, 1045.14, 1335.24, 1592.34, 1814.93, 2001.69, 2151.5
24.5, 373.77, 723.18, 1044.03, 1333.81, 1590.63, 1812.98, 1999.54, 2149.18
25, 373.39, 722.42, 1042.94, 1332.42, 1588.97, 1811.08, 1997.44, 2146.93
25.5, 373.39, 722.42, 1042.94, 1332.42, 1588.97, 1811.08, 1997.44, 2146.93
ENDTABLE

MU_REF_Y 1


LOG_ENTRY Used Dataset: Tire: Lateral Force; { Racing Tires } Open Wheel Club Level - Road Course Front
#Library : Tire: Lateral Force
#DataSet : Open Wheel Club Level - Road Course Front
#Category: Racing Tires
#FileID  : TireFy_7bd9f01d-61eb-453c-a3b8-d8b51d38aeca
#Product : CarSim 2017.1
#VehCode Tire: Fy

END
