PARSFILE
#FullDataName Tire: Lateral Force`Open Wheel Top Level - Road Course Rear`Racing Tires
#CheckBox0 0    

#RingCtrl0 CARPET_FROM_ZERO
#RadioCtrl0 0    
#RadioCtrl1 0    

*3D_XLabel Vertical load (N)
*3D_YLabel Abs. slip angle [Alpha] (deg)
*3D_ZLabel Abs. lateral tire force Fy (N)

#DiagramTwo0
*3D_DATA 8, 51 ! columns x rows
FY_TIRE_CARPET 2D_FROM_ZERO
0, 2780.19, 5560.37, 8340.56, 11120.74, 13900.93, 16681.11, 19461.3, 22241.48
0.5, 1711.58, 3151.54, 4305.33, 5174.57, 5768.57, 6101.93, 6193.43, 6065.49
1, 2902.56, 5388.25, 7427.64, 9013.47, 10149.37, 10847.19, 11126.04, 11012.09
1.5, 3583.63, 6698.83, 9307.54, 11393.48, 12950.7, 13981.15, 14494.27, 14507.36
2, 3955.21, 7428.5, 10378.56, 12784.12, 14632.79, 15918.75, 16642.37, 16810.84
2.5, 4160.23, 7838.13, 10991.6, 13597.06, 15638.65, 17105.85, 17993.06, 18300.01
3, 4274.83, 8071.33, 11347.55, 14078.92, 16247.74, 17840.8, 18848.81, 19266.62
3.5, 4338.13, 8203.37, 11554.25, 14365.81, 16619.36, 18300.12, 19396.46, 19900.07
4, 4370.99, 8274.84, 11670.69, 14533.49, 16844.02, 18586.49, 19747.8, 20317.51
4.5, 4385.1, 8308.7, 11730.58, 14625.73, 16974.65, 18760.96, 19970.55, 20591.47
5, 4387.35, 8318.56, 11754, 14668.83, 17043.43, 18861.02, 20106.8, 20767.78
5.5, 4381.98, 8312.82, 11753.47, 14679.29, 17070.63, 18910.49, 20183.61, 20876.21
6, 4371.69, 8296.87, 11737.03, 14667.75, 17069.45, 18924.99, 20218.81, 20936.56
6.5, 4358.24, 8274.24, 11709.99, 14641.31, 17048.72, 18915.06, 20224.53, 20962.41
7, 4342.8, 8247.29, 11675.93, 14604.79, 17014.51, 18887.94, 20209.19, 20963.22
7.5, 4326.18, 8217.66, 11637.34, 14561.53, 16971.03, 18848.75, 20178.74, 20945.77
8, 4308.92, 8186.47, 11595.93, 14513.89, 16921.28, 18801.12, 20137.46, 20914.93
8.5, 4291.4, 8154.49, 11552.92, 14463.52, 16867.41, 18747.7, 20088.48, 20874.32
9, 4273.88, 8122.26, 11509.16, 14411.63, 16810.96, 18690.4, 20034.1, 20826.61
9.5, 4256.54, 8090.18, 11465.27, 14359.08, 16753.08, 18630.65, 19976.04, 20773.81
10, 4239.5, 8058.51, 11421.67, 14306.48, 16694.58, 18569.5, 19915.58, 20717.44
10.5, 4222.84, 8027.42, 11378.67, 14254.27, 16636.07, 18507.72, 19853.7, 20658.67
11, 4206.62, 7997.04, 11336.47, 14202.79, 16577.99, 18445.9, 19791.11, 20598.37
11.5, 4190.86, 7967.45, 11295.22, 14152.23, 16520.66, 18384.46, 19728.37, 20537.23
12, 4175.59, 7938.7, 11255.01, 14102.77, 16464.3, 18323.72, 19665.89, 20475.77
12.5, 4160.8, 7910.81, 11215.9, 14054.49, 16409.07, 18263.9, 19603.99, 20414.4
13, 4146.5, 7883.78, 11177.91, 14007.46, 16355.08, 18205.18, 19542.89, 20353.41
13.5, 4132.69, 7857.62, 11141.06, 13961.72, 16302.4, 18147.66, 19482.77, 20293.04
14, 4119.34, 7832.31, 11105.33, 13917.27, 16251.07, 18091.43, 19423.74, 20233.47
14.5, 4106.46, 7807.83, 11070.71, 13874.12, 16201.11, 18036.52, 19365.9, 20174.83
15, 4094.01, 7784.16, 11037.18, 13832.24, 16152.51, 17982.97, 19309.3, 20117.22
15.5, 4081.99, 7761.27, 11004.72, 13791.61, 16105.27, 17930.79, 19253.98, 20060.69
16, 4070.38, 7739.13, 10973.28, 13752.21, 16059.36, 17879.96, 19199.95, 20005.3
16.5, 4059.16, 7717.73, 10942.83, 13713.99, 16014.76, 17830.47, 19147.21, 19951.07
17, 4048.32, 7697.02, 10913.35, 13676.93, 15971.43, 17782.31, 19095.77, 19898.03
17.5, 4037.85, 7676.98, 10884.79, 13640.98, 15929.34, 17735.44, 19045.6, 19846.16
18, 4027.71, 7657.59, 10857.12, 13606.11, 15888.46, 17689.83, 18996.68, 19795.48
18.5, 4017.91, 7638.81, 10830.3, 13572.28, 15848.73, 17645.46, 18949, 19745.95
19, 4008.42, 7620.62, 10804.3, 13539.45, 15810.14, 17602.27, 18902.51, 19697.58
19.5, 3999.23, 7603, 10779.08, 13507.57, 15772.62, 17560.24, 18857.2, 19650.34
20, 3990.33, 7585.92, 10754.62, 13476.62, 15736.16, 17519.34, 18813.03, 19604.2
20.5, 3981.7, 7569.35, 10730.88, 13446.55, 15700.7, 17479.51, 18769.97, 19559.14
21, 3973.34, 7553.27, 10707.83, 13417.34, 15666.21, 17440.73, 18727.98, 19515.14
21.5, 3965.22, 7537.67, 10685.45, 13388.94, 15632.65, 17402.95, 18687.03, 19472.16
22, 3957.35, 7522.52, 10663.69, 13361.32, 15599.99, 17366.15, 18647.08, 19430.18
22.5, 3949.7, 7507.8, 10642.55, 13334.46, 15568.19, 17330.29, 18608.11, 19389.17
23, 3942.27, 7493.5, 10621.98, 13308.32, 15537.23, 17295.33, 18570.08, 19349.09
23.5, 3935.05, 7479.59, 10601.98, 13282.87, 15507.06, 17261.24, 18532.96, 19309.93
24, 3928.03, 7466.07, 10582.51, 13258.09, 15477.66, 17227.99, 18496.72, 19271.64
24.5, 3921.21, 7452.9, 10563.56, 13233.95, 15449, 17195.55, 18461.33, 19234.22
25, 3914.56, 7440.08, 10545.09, 13210.42, 15421.04, 17163.89, 18426.75, 19197.62
25.5, 3914.56, 7440.08, 10545.09, 13210.42, 15421.04, 17163.89, 18426.75, 19197.62
ENDTABLE

MU_REF_Y 1


LOG_ENTRY Used Dataset: Tire: Lateral Force; { Racing Tires } Open Wheel Top Level - Road Course Rear
#Library : Tire: Lateral Force
#DataSet : Open Wheel Top Level - Road Course Rear
#Category: Racing Tires
#FileID  : TireFy_888b949c-15c5-433e-a1fa-4c461f329886
#Product : CarSim 2017.1
#VehCode Tire: Fy

END
