PARSFILE
#FullDataName Road: Reference Line Elevation`Lusail`
#CheckBox0 0    

#RingCtrl0 LINEAR
#RadioCtrl0 1    

#DiagramOne0
ROAD_ZS_TABLE LINEAR
0, 11.6494392113
10, 11.8132714592
20, 11.8677513063
30, 11.8545946681
40, 11.7903848332
50, 11.6873270063
60, 11.4614034293
70, 11.127871526
80, 10.7060159913
90, 10.2768012866
100, 9.92452377177
110, 9.72629957643
120, 9.68194070081
130, 9.74234297492
140, 9.86992683866
150, 10.0504292283
160, 10.2017735396
170, 10.300079277
180, 10.3195157308
190, 10.2184239734
200, 9.9727196539
210, 9.59719132936
220, 9.18092369023
230, 8.79688101656
240, 8.43975854493
250, 8.04921742282
260, 7.61381458244
270, 7.31916691205
280, 7.28917529276
290, 7.42962921017
300, 7.66440236472
310, 8.08528618995
320, 8.6985843394
330, 9.36297311377
340, 9.89517769372
350, 10.3250447349
360, 10.6505923124
370, 10.8769824911
380, 11.0211443068
390, 11.1373054882
400, 11.2615665134
410, 11.2601508528
420, 11.013440848
430, 10.6259190469
440, 10.34810981
450, 10.2837663367
460, 10.2879997282
470, 10.1917030963
480, 10.1182540941
490, 10.2270357199
500, 10.5334254456
510, 10.8387007633
520, 10.9280980317
530, 10.8002106503
540, 10.5241251217
550, 10.2198305737
560, 9.91173526014
570, 9.66723821604
580, 9.69638949919
590, 10.1075743505
600, 10.9020408163
610, 11.8225101361
620, 12.5072617726
630, 12.8200049831
640, 12.9362137308
650, 12.9345647693
660, 12.7293166323
670, 12.2619402478
680, 11.7221545222
690, 11.2190785748
700, 10.7212598247
710, 10.3231737978
720, 10.0754626379
730, 9.93745045188
740, 9.86461528007
750, 9.89020589368
760, 10.0480350631
770, 10.2725588349
780, 10.5262520102
790, 10.8923101316
800, 11.2618156697
810, 11.4791184398
820, 11.5351627443
830, 11.56898684
840, 11.6685202383
850, 11.6849781422
860, 11.5041994156
870, 11.1888174138
880, 10.9707943555
890, 10.9363790799
900, 10.9817345806
910, 11.0751115541
920, 11.2469546309
930, 11.3855851775
940, 11.3607465628
950, 11.1892296541
960, 11.0090964688
970, 10.8423656255
980, 10.6728011959
990, 10.5090964688
1000, 10.3375931505
1001, 10.3208498494
1010, 10.151054384
1011, 10.1343224082
1020, 10.0533262362
1021, 10.0518969852
1030, 10.1238283993
1040, 10.3589299871
1050, 10.608507554
1060, 10.769544044
1070, 10.8773584906
1080, 11.0083625903
1090, 11.1431040341
1100, 11.178368706
1110, 11.1586536501
1120, 11.2606106594
1130, 11.5136582935
1140, 11.8087182043
1150, 11.943856033
1160, 12.0153434959
1170, 12.1346395162
1180, 12.3585313371
1190, 12.625130807
1200, 12.7551654624
1210, 12.7545108609
1220, 12.7402092913
1230, 12.8313868944
1240, 12.9548891255
1250, 13.0081066389
1260, 13.0091553603
1270, 12.9736573875
1280, 12.9257016014
1290, 12.8891662325
1300, 12.9303472332
1310, 13.0350676119
1320, 13.1802464382
1330, 13.3188316836
1340, 13.447794967
1350, 13.5637975945
1360, 13.6744931935
1370, 13.7775057193
1380, 13.8734965684
1390, 13.8945389477
1400, 13.7666855421
1410, 13.4850257084
1420, 13.2251942286
1430, 13.1088495776
1440, 13.0700967179
1450, 12.9420575777
1460, 12.6642211602
1470, 12.308908469
1480, 11.937099368
1490, 11.563856486
1500, 11.23340053
1510, 11.0325466035
1520, 10.9776755985
1530, 10.997336293
1540, 11
1550, 10.9876214637
1560, 11.0219710526
1570, 11.1398695327
1580, 11.3398514123
1590, 11.5219574622
1600, 11.5640512809
1610, 11.5544429092
1620, 11.6471381005
1630, 11.9317583637
1640, 12.2474801241
1650, 12.4074180616
1660, 12.4269677682
1670, 12.3896985209
1680, 12.4236245442
1690, 12.5352012503
1700, 12.6852839249
1710, 12.7922829509
1720, 12.8492310132
1730, 12.7238669053
1740, 12.332206845
1750, 11.6904097488
1760, 11.0612562006
1770, 10.5711024032
1780, 10.1837323609
1790, 9.82878660898
1800, 9.50834899998
1810, 9.31135699563
1820, 9.2613875739
1830, 9.33829078801
1840, 9.49206550545
1850, 9.67942422252
1860, 9.90697637545
1870, 10.0429296247
1880, 10.0590024689
1890, 10.002108768
1900, 9.9993997599
1910, 10.1038505968
1920, 10.3320369657
1930, 10.6354843824
1940, 10.8932297447
1950, 11.080395932
1960, 11.2561009309
1970, 11.3792769938
1980, 11.3822578088
1990, 11.2815714965
2000, 11.1218555347
2020, 10.6321773993
2040, 10.2094113117
2050, 9.91962671861
2060, 9.49691499241
2070, 9.05093207094
2080, 8.63839951075
2090, 8.24905207366
2100, 7.91195723572
2110, 7.71911708079
2120, 7.69927291671
2130, 7.79599311423
2140, 8.13908808806
2150, 8.7974789916
2160, 9.73221137511
2170, 10.6801082697
2180, 11.4941788036
2190, 12.1777118395
2200, 12.7353937802
2210, 13.1900382795
2220, 13.571967655
2230, 14.0145371356
2240, 14.524571338
2250, 14.9593037215
2260, 15.1930372149
2270, 15.2178894199
2280, 15.0971052572
2290, 14.8459194999
2300, 14.5042175361
2310, 14.1451040794
2320, 13.7932773109
2330, 13.4621123921
2340, 13.2638361005
2350, 13.2673786496
2360, 13.4493080251
2370, 13.7247616028
2380, 14.0299214025
2390, 14.341033772
2400, 14.529780969
2410, 14.543856033
2420, 14.4104804186
2430, 14.2524813699
2440, 14.1696052006
2450, 14.0853632019
2460, 13.8722983533
2470, 13.5372420666
2480, 13.164255136
2490, 12.8579628078
2500, 12.5920700356
2510, 12.4398310267
2520, 12.4748759881
2530, 12.6999796145
2540, 12.9138213776
2550, 12.9714376317
2560, 12.8622324401
2570, 12.6390722327
2580, 12.3266144194
2590, 11.9381616798
2600, 11.5701510793
2610, 11.2803710163
2620, 11.0778794537
2630, 11.02902444
2640, 11.1624045845
2650, 11.4215203062
2660, 11.7190491291
2670, 12.1073931459
2680, 12.6013703595
2690, 13.152603683
2700, 13.5239937484
2710, 13.6147387257
2720, 13.4894063286
2730, 13.2994201454
2740, 13.2507418062
2750, 13.2492717842
2760, 13.2547237763
2770, 13.2183356361
2780, 13.1655462185
2790, 13.1363722848
2800, 13.075147795
2810, 13.0320437609
2820, 12.9996783619
2830, 12.9826700492
2840, 12.9946567306
2850, 13.0830936148
2860, 13.3544904754
2870, 13.7877890779
2880, 14.2093886611
2890, 14.4896373644
2900, 14.5952864165
2910, 14.6221771728
2920, 14.5651815443
2930, 14.420159007
2940, 14.1680400462
2950, 13.8300459807
2960, 13.4032707423
2970, 12.8721148837
2980, 12.2324333507
2990, 11.5173526014
3000, 10.7516410338
3010, 10.015030918
3020, 9.41414075064
3030, 9.07674466013
3040, 9.09469750164
3050, 9.34738499173
3060, 9.71146118825
3070, 10.153002333
3080, 10.7686901176
3090, 11.4431516003
3100, 11.9142607987
3110, 12.1763845161
3120, 12.413042198
3130, 12.6758114567
3140, 12.8263312872
3150, 12.8212892704
3160, 12.8164035425
3170, 12.9171963125
3180, 12.9912364946
3190, 12.9149765567
3200, 12.6377834153
3210, 12.2684590817
3220, 11.8966409205
3230, 11.5156334232
3240, 11.2177036852
3250, 11.0743980611
3260, 11.0756438424
3270, 11.0900428096
3280, 10.9979161476
3290, 10.9224489796
3300, 10.9554757752
3310, 11.245128995
3320, 11.7561099912
3330, 12.323620014
3340, 12.7472400281
3350, 13.0248431448
3360, 13.3181748171
3370, 13.6817277855
3380, 13.8966952819
3390, 13.8008244807
3400, 13.4909828082
3410, 13.1908016037
3420, 13.0222723051
3430, 12.8973725339
3440, 12.7734739179
3450, 12.6885161612
3460, 12.7110353575
3470, 12.8618405853
3480, 13.0696187909
3490, 13.086957802
3500, 12.8655620739
3510, 12.466719518
3520, 12.065247231
3530, 11.6587170717
3540, 11.1712496319
3550, 10.6080839883
3560, 10.1392806179
3570, 9.89767378649
3580, 9.86846814197
3590, 9.95076898684
3600, 10.0816779542
3610, 10.2606446352
3620, 10.4390948832
3630, 10.6304106548
3640, 10.8028834175
3650, 11.0053115586
3660, 11.2333226353
3670, 11.5126719948
3711.08, 11.6494392113
ENDTABLE


LOG_ENTRY Used Dataset: Road: Reference Line Elevation; Lusail
#Library : Road: Reference Line Elevation
#DataSet : Lusail
#Category: 
#FileID  : RdRefZ_88b7bccf-60c0-41a9-a547-776b2e26230c
#Product : CarSim 2017.1
#VehCode Zs vs S

END
