PARSFILE
#FullDataName Tire: Aligning Moment`Open Wheel Club Level - Road Course Front`Racing Tires
#CheckBox0 0    

#RingCtrl0 CARPET_FROM_ZERO
#RadioCtrl0 0    
#RadioCtrl1 0    

*3D_XLabel Vertical load (N)
*3D_YLabel Abs. slip angle [Alpha] (deg)
*3D_ZLabel Aligning moment (N-m)

#DiagramTwo0
*3D_DATA 8, 51 ! columns x rows
MZ_TIRE_CARPET 2D_FROM_ZERO
0, 294.2, 588.4, 882.6, 1176.8, 1471, 1765.2, 2059.4, 2353.6
0.5, 1.97, 3.81, 5.51, 7.05, 8.44, 9.67, 10.74, 11.65
1, 4.36, 8.44, 12.19, 15.59, 18.63, 21.3, 23.59, 25.5
1.5, 6.26, 12.29, 18, 23.34, 28.25, 32.68, 36.58, 39.93
2, 6.25, 12.57, 18.91, 25.22, 31.42, 37.41, 43.09, 48.34
2.5, 4.94, 10.14, 15.64, 21.44, 27.51, 33.81, 40.26, 46.75
3, 3.54, 7.37, 11.56, 16.15, 21.18, 26.66, 32.6, 38.97
3.5, 2.46, 5.18, 8.22, 11.64, 15.5, 19.83, 24.71, 30.16
4, 1.69, 3.6, 5.78, 8.28, 11.15, 14.47, 18.28, 22.66
4.5, 1.15, 2.48, 4.02, 5.84, 7.97, 10.47, 13.41, 16.85
5, 0.76, 1.67, 2.75, 4.07, 5.64, 7.53, 9.78, 12.46
5.5, 0.47, 1.07, 1.81, 2.75, 3.9, 5.32, 7.05, 9.14
6, 0.25, 0.61, 1.1, 1.75, 2.58, 3.64, 4.97, 6.6
6.5, 0.09, 0.26, 0.55, 0.98, 1.56, 2.34, 3.35, 4.63
7, -0.05, -0.02, 0.11, 0.36, 0.76, 1.31, 2.07, 3.06
7.5, -0.16, -0.24, -0.24, -0.13, 0.11, 0.49, 1.04, 1.8
8, -0.24, -0.42, -0.52, -0.53, -0.42, -0.19, 0.21, 0.78
8.5, -0.32, -0.58, -0.76, -0.86, -0.86, -0.74, -0.49, -0.07
9, -0.38, -0.7, -0.96, -1.14, -1.23, -1.21, -1.07, -0.78
9.5, -0.43, -0.81, -1.13, -1.38, -1.54, -1.61, -1.56, -1.38
10, -0.48, -0.91, -1.28, -1.58, -1.81, -1.95, -1.98, -1.89
10.5, -0.51, -0.99, -1.4, -1.76, -2.04, -2.24, -2.34, -2.33
11, -0.55, -1.06, -1.51, -1.91, -2.24, -2.5, -2.66, -2.71
11.5, -0.58, -1.12, -1.61, -2.05, -2.42, -2.72, -2.93, -3.05
12, -0.61, -1.17, -1.7, -2.17, -2.58, -2.92, -3.18, -3.34
12.5, -0.63, -1.22, -1.77, -2.27, -2.72, -3.09, -3.39, -3.61
13, -0.65, -1.27, -1.84, -2.37, -2.84, -3.25, -3.59, -3.84
13.5, -0.67, -1.31, -1.9, -2.45, -2.95, -3.39, -3.76, -4.05
14, -0.69, -1.34, -1.96, -2.53, -3.05, -3.52, -3.92, -4.24
14.5, -0.7, -1.37, -2.01, -2.6, -3.14, -3.63, -4.06, -4.41
15, -0.72, -1.4, -2.06, -2.67, -3.23, -3.74, -4.19, -4.57
15.5, -0.73, -1.43, -2.1, -2.72, -3.3, -3.83, -4.31, -4.71
16, -0.74, -1.46, -2.14, -2.78, -3.37, -3.92, -4.41, -4.84
16.5, -0.75, -1.48, -2.17, -2.83, -3.44, -4, -4.51, -4.96
17, -0.76, -1.5, -2.21, -2.87, -3.5, -4.08, -4.6, -5.07
17.5, -0.77, -1.52, -2.24, -2.91, -3.55, -4.15, -4.69, -5.18
18, -0.78, -1.54, -2.26, -2.95, -3.6, -4.21, -4.77, -5.27
18.5, -0.79, -1.56, -2.29, -2.99, -3.65, -4.27, -4.84, -5.36
19, -0.8, -1.57, -2.32, -3.02, -3.7, -4.33, -4.91, -5.44
19.5, -0.81, -1.59, -2.34, -3.06, -3.74, -4.38, -4.97, -5.52
20, -0.81, -1.6, -2.36, -3.09, -3.78, -4.43, -5.03, -5.59
20.5, -0.82, -1.61, -2.38, -3.11, -3.81, -4.47, -5.09, -5.65
21, -0.82, -1.63, -2.4, -3.14, -3.85, -4.52, -5.14, -5.72
21.5, -0.83, -1.64, -2.42, -3.17, -3.88, -4.56, -5.19, -5.78
22, -0.84, -1.65, -2.43, -3.19, -3.91, -4.59, -5.24, -5.83
22.5, -0.84, -1.66, -2.45, -3.21, -3.94, -4.63, -5.28, -5.88
23, -0.85, -1.67, -2.47, -3.23, -3.97, -4.66, -5.32, -5.93
23.5, -0.85, -1.68, -2.48, -3.25, -3.99, -4.7, -5.36, -5.98
24, -0.85, -1.69, -2.49, -3.27, -4.02, -4.73, -5.4, -6.03
24.5, -0.86, -1.7, -2.51, -3.29, -4.04, -4.76, -5.43, -6.07
25, -0.86, -1.7, -2.52, -3.31, -4.06, -4.78, -5.47, -6.11
25.5, -0.86, -1.7, -2.52, -3.31, -4.06, -4.78, -5.47, -6.11
ENDTABLE



LOG_ENTRY Used Dataset: Tire: Aligning Moment; { Racing Tires } Open Wheel Club Level - Road Course Front
#Library : Tire: Aligning Moment
#DataSet : Open Wheel Club Level - Road Course Front
#Category: Racing Tires
#FileID  : TireMz_382242de-0a6c-497e-a130-7625f425bf7c
#Product : CarSim 2017.1
#VehCode Tire: Mz

END
