PARSFILE
#FullDataName Tire: Aligning Moment`Open Wheel Club Level - Road Course Rear`Racing Tires
#CheckBox0 0    

#RingCtrl0 CARPET_FROM_ZERO
#RadioCtrl0 0    
#RadioCtrl1 0    

*3D_XLabel Vertical load (N)
*3D_YLabel Abs. slip angle [Alpha] (deg)
*3D_ZLabel Aligning moment (N-m)

#DiagramTwo0
*3D_DATA 8, 51 ! columns x rows
MZ_TIRE_CARPET 2D_FROM_ZERO
0, 343.23, 686.47, 1029.7, 1372.93, 1716.16, 2059.4, 2402.63, 2745.86
0.5, 2.3, 4.44, 6.43, 8.23, 9.85, 11.28, 12.53, 13.59
1, 5.09, 9.85, 14.23, 18.19, 21.74, 24.84, 27.52, 29.75
1.5, 7.31, 14.33, 21, 27.22, 32.95, 38.12, 42.68, 46.58
2, 7.29, 14.66, 22.06, 29.42, 36.66, 43.65, 50.27, 56.39
2.5, 5.76, 11.83, 18.25, 25.01, 32.1, 39.45, 46.97, 54.55
3, 4.13, 8.6, 13.49, 18.84, 24.71, 31.1, 38.03, 45.47
3.5, 2.87, 6.04, 9.59, 13.58, 18.08, 23.14, 28.83, 35.19
4, 1.97, 4.2, 6.74, 9.66, 13.01, 16.88, 21.33, 26.44
4.5, 1.34, 2.89, 4.7, 6.81, 9.3, 12.22, 15.65, 19.66
5, 0.89, 1.94, 3.21, 4.74, 6.58, 8.78, 11.41, 14.54
5.5, 0.55, 1.24, 2.12, 3.21, 4.55, 6.21, 8.22, 10.67
6, 0.3, 0.71, 1.29, 2.04, 3.02, 4.25, 5.79, 7.7
6.5, 0.1, 0.3, 0.64, 1.14, 1.82, 2.73, 3.91, 5.4
7, -0.06, -0.02, 0.13, 0.42, 0.88, 1.53, 2.41, 3.57
7.5, -0.18, -0.28, -0.28, -0.15, 0.12, 0.57, 1.22, 2.1
8, -0.28, -0.49, -0.61, -0.62, -0.49, -0.22, 0.24, 0.91
8.5, -0.37, -0.67, -0.89, -1.01, -1.01, -0.87, -0.57, -0.08
9, -0.44, -0.82, -1.12, -1.33, -1.44, -1.41, -1.25, -0.91
9.5, -0.5, -0.95, -1.32, -1.61, -1.8, -1.88, -1.82, -1.6
10, -0.55, -1.06, -1.49, -1.85, -2.11, -2.27, -2.31, -2.2
10.5, -0.6, -1.15, -1.64, -2.05, -2.38, -2.61, -2.73, -2.72
11, -0.64, -1.23, -1.77, -2.23, -2.62, -2.91, -3.1, -3.16
11.5, -0.67, -1.3, -1.88, -2.39, -2.82, -3.17, -3.42, -3.56
12, -0.71, -1.37, -1.98, -2.53, -3.01, -3.4, -3.71, -3.9
12.5, -0.73, -1.43, -2.07, -2.65, -3.17, -3.61, -3.96, -4.21
13, -0.76, -1.48, -2.15, -2.76, -3.31, -3.79, -4.18, -4.48
13.5, -0.78, -1.52, -2.22, -2.86, -3.44, -3.96, -4.39, -4.73
14, -0.8, -1.57, -2.29, -2.95, -3.56, -4.1, -4.57, -4.95
14.5, -0.82, -1.6, -2.34, -3.03, -3.67, -4.24, -4.74, -5.15
15, -0.84, -1.64, -2.4, -3.11, -3.77, -4.36, -4.89, -5.33
15.5, -0.85, -1.67, -2.45, -3.18, -3.86, -4.47, -5.02, -5.5
16, -0.87, -1.7, -2.49, -3.24, -3.94, -4.58, -5.15, -5.65
16.5, -0.88, -1.73, -2.53, -3.3, -4.01, -4.67, -5.27, -5.79
17, -0.89, -1.75, -2.57, -3.35, -4.08, -4.76, -5.37, -5.92
17.5, -0.9, -1.77, -2.61, -3.4, -4.15, -4.84, -5.47, -6.04
18, -0.91, -1.79, -2.64, -3.45, -4.21, -4.91, -5.56, -6.15
18.5, -0.92, -1.81, -2.67, -3.49, -4.26, -4.98, -5.65, -6.25
19, -0.93, -1.83, -2.7, -3.53, -4.31, -5.05, -5.73, -6.35
19.5, -0.94, -1.85, -2.73, -3.57, -4.36, -5.11, -5.8, -6.44
20, -0.95, -1.87, -2.75, -3.6, -4.41, -5.16, -5.87, -6.52
20.5, -0.96, -1.88, -2.78, -3.63, -4.45, -5.22, -5.94, -6.6
21, -0.96, -1.9, -2.8, -3.66, -4.49, -5.27, -6, -6.67
21.5, -0.97, -1.91, -2.82, -3.69, -4.53, -5.31, -6.05, -6.74
22, -0.97, -1.92, -2.84, -3.72, -4.56, -5.36, -6.11, -6.8
22.5, -0.98, -1.94, -2.86, -3.75, -4.6, -5.4, -6.16, -6.87
23, -0.99, -1.95, -2.88, -3.77, -4.63, -5.44, -6.21, -6.92
23.5, -0.99, -1.96, -2.89, -3.79, -4.66, -5.48, -6.25, -6.98
24, -1, -1.97, -2.91, -3.82, -4.69, -5.51, -6.3, -7.03
24.5, -1, -1.98, -2.92, -3.84, -4.71, -5.55, -6.34, -7.08
25, -1.01, -1.99, -2.94, -3.86, -4.74, -5.58, -6.38, -7.13
25.5, -1.01, -1.99, -2.94, -3.86, -4.74, -5.58, -6.38, -7.13
ENDTABLE



LOG_ENTRY Used Dataset: Tire: Aligning Moment; { Racing Tires } Open Wheel Club Level - Road Course Rear
#Library : Tire: Aligning Moment
#DataSet : Open Wheel Club Level - Road Course Rear
#Category: Racing Tires
#FileID  : TireMz_31e5a6c8-4431-4a16-8198-b5f20fcf4ac1
#Product : CarSim 2017.1
#VehCode Tire: Mz

END
