PARSFILE
#FullDataName Tire: Aligning Moment`Open Wheel Top Level - Road Course Rear`Racing Tires
#CheckBox0 0    

#RingCtrl0 CARPET_FROM_ZERO
#RadioCtrl0 0    
#RadioCtrl1 0    

*3D_XLabel Vertical load (N)
*3D_YLabel Abs. slip angle [Alpha] (deg)
*3D_ZLabel Aligning moment (N-m)

#DiagramTwo0
*3D_DATA 8, 51 ! columns x rows
MZ_TIRE_CARPET 2D_FROM_ZERO
0, 2780.19, 5560.37, 8340.56, 11120.74, 13900.93, 16681.11, 19461.3, 22241.48
0.5, 66.85, 129.27, 186.65, 238.74, 285.4, 326.57, 362.26, 392.52
1, 153.4, 296.63, 428.09, 546.91, 652.55, 744.71, 823.32, 888.45
1.5, 213.28, 420.38, 618.86, 806.32, 980.37, 1138.68, 1279.13, 1399.88
2, 193.65, 392.91, 597.38, 805.59, 1015.19, 1223, 1425.1, 1616.86
2.5, 139.2, 288.65, 450.11, 624.51, 812.11, 1012.43, 1224.07, 1444.41
3, 92.43, 194.44, 308.3, 435.89, 578.93, 738.95, 917.21, 1114.41
3.5, 59.96, 127.68, 205.2, 294.41, 397.25, 515.78, 652.23, 808.86
4, 38.12, 82.38, 134.46, 195.96, 268.61, 354.38, 455.51, 574.55
4.5, 23.17, 51.24, 85.58, 127.49, 178.43, 240.07, 314.39, 403.73
5, 12.61, 29.22, 50.94, 78.83, 114.09, 158.12, 212.58, 279.48
5.5, 4.92, 13.17, 25.67, 43.3, 67.05, 98.06, 137.74, 187.77
6, -0.85, 1.14, 6.73, 16.66, 31.75, 52.97, 81.48, 118.72
6.5, -5.29, -8.12, -7.84, -3.81, 4.64, 18.34, 38.27, 65.64
7, -8.78, -15.4, -19.28, -19.89, -16.63, -8.82, 4.39, 24.02
7.5, -11.58, -21.23, -28.44, -32.75, -33.65, -30.53, -22.67, -9.19
8, -13.87, -25.99, -35.91, -43.23, -47.49, -48.16, -44.63, -36.13
8.5, -15.76, -29.93, -42.09, -51.88, -58.91, -62.7, -62.73, -58.29
9, -17.35, -33.23, -47.26, -59.13, -68.46, -74.85, -77.83, -76.78
9.5, -18.7, -36.03, -51.65, -65.26, -76.54, -85.12, -90.58, -92.37
10, -19.86, -38.44, -55.41, -70.51, -83.45, -93.9, -101.46, -105.66
10.5, -20.87, -40.51, -58.66, -75.05, -89.42, -101.46, -110.83, -117.09
11, -21.74, -42.33, -61.49, -79, -94.61, -108.04, -118.97, -127.01
11.5, -22.51, -43.92, -63.98, -82.47, -99.16, -113.8, -126.09, -135.68
12, -23.19, -45.33, -66.18, -85.53, -103.18, -118.88, -132.37, -143.32
12.5, -23.8, -46.59, -68.14, -88.26, -106.75, -123.4, -137.94, -150.09
13, -24.34, -47.71, -69.89, -90.69, -109.94, -127.42, -142.91, -156.12
13.5, -24.83, -48.72, -71.47, -92.88, -112.81, -131.04, -147.37, -161.53
14, -25.28, -49.64, -72.89, -94.86, -115.39, -134.3, -151.39, -166.4
14.5, -25.68, -50.47, -74.18, -96.66, -117.74, -137.26, -155.02, -170.8
15, -26.05, -51.23, -75.36, -98.29, -119.88, -139.95, -158.33, -174.8
15.5, -26.38, -51.92, -76.44, -99.79, -121.83, -142.4, -161.35, -178.45
16, -26.69, -52.56, -77.43, -101.16, -123.62, -144.65, -164.11, -181.79
16.5, -26.98, -53.15, -78.34, -102.42, -125.26, -146.72, -166.65, -184.85
17, -27.24, -53.69, -79.18, -103.59, -126.78, -148.63, -168.99, -187.68
17.5, -27.48, -54.19, -79.96, -104.67, -128.19, -150.4, -171.15, -190.28
18, -27.71, -54.66, -80.68, -105.67, -129.49, -152.03, -173.15, -192.7
18.5, -27.92, -55.09, -81.36, -106.6, -130.7, -153.55, -175.02, -194.94
19, -28.12, -55.5, -81.99, -107.47, -131.83, -154.97, -176.75, -197.03
19.5, -28.3, -55.88, -82.57, -108.28, -132.89, -156.29, -178.37, -198.98
20, -28.48, -56.23, -83.12, -109.04, -133.88, -157.53, -179.89, -200.8
20.5, -28.64, -56.57, -83.64, -109.76, -134.81, -158.7, -181.31, -202.51
21, -28.79, -56.88, -84.13, -110.43, -135.68, -159.79, -182.64, -204.11
21.5, -28.94, -57.18, -84.59, -111.06, -136.5, -160.81, -183.89, -205.62
22, -29.07, -57.46, -85.02, -111.66, -137.27, -161.78, -185.07, -207.04
22.5, -29.2, -57.72, -85.43, -112.22, -138.01, -162.7, -186.19, -208.37
23, -29.32, -57.97, -85.81, -112.75, -138.7, -163.56, -187.24, -209.64
23.5, -29.44, -58.21, -86.18, -113.26, -139.35, -164.38, -188.24, -210.84
24, -29.55, -58.43, -86.53, -113.74, -139.97, -165.16, -189.19, -211.97
24.5, -29.65, -58.65, -86.86, -114.19, -140.57, -165.89, -190.09, -213.05
25, -29.75, -58.85, -87.17, -114.62, -141.13, -166.59, -190.94, -214.07
25.5, -29.75, -58.85, -87.17, -114.62, -141.13, -166.59, -190.94, -214.07
ENDTABLE



LOG_ENTRY Used Dataset: Tire: Aligning Moment; { Racing Tires } Open Wheel Top Level - Road Course Rear
#Library : Tire: Aligning Moment
#DataSet : Open Wheel Top Level - Road Course Rear
#Category: Racing Tires
#FileID  : TireMz_5493a0eb-1ac9-4140-b365-e1f5defa89d2
#Product : CarSim 2017.1
#VehCode Tire: Mz

END
