PARSFILE
#FullDataName Tire: Aligning Moment`Open Wheel Top Level - Road Course Front`Racing Tires
#CheckBox0 0    

#RingCtrl0 CARPET_FROM_ZERO
#RadioCtrl0 0    
#RadioCtrl1 0    

*3D_XLabel Vertical load (N)
*3D_YLabel Abs. slip angle [Alpha] (deg)
*3D_ZLabel Aligning moment (N-m)

#DiagramTwo0
*3D_DATA 8, 51 ! columns x rows
MZ_TIRE_CARPET 2D_FROM_ZERO
0, 2780.19, 5560.37, 8340.56, 11120.74, 13900.93, 16681.11, 19461.3, 22241.48
0.5, 64.69, 125.1, 180.63, 231.04, 276.19, 316.03, 350.57, 379.86
1, 148.45, 287.06, 414.28, 529.27, 631.5, 720.69, 796.76, 859.79
1.5, 206.4, 406.82, 598.9, 780.31, 948.75, 1101.95, 1237.87, 1354.73
2, 187.4, 380.23, 578.11, 779.6, 982.44, 1183.55, 1379.13, 1564.71
2.5, 134.71, 279.33, 435.59, 604.37, 785.91, 979.77, 1184.58, 1397.81
3, 89.45, 188.16, 298.36, 421.83, 560.26, 715.12, 887.62, 1078.46
3.5, 58.02, 123.56, 198.58, 284.92, 384.43, 499.14, 631.19, 782.77
4, 36.89, 79.72, 130.12, 189.64, 259.95, 342.95, 440.82, 556.02
4.5, 22.42, 49.59, 82.82, 123.38, 172.67, 232.32, 304.24, 390.7
5, 12.2, 28.28, 49.29, 76.29, 110.41, 153.02, 205.72, 270.46
5.5, 4.76, 12.75, 24.84, 41.9, 64.88, 94.9, 133.29, 181.72
6, -0.82, 1.1, 6.51, 16.12, 30.73, 51.26, 78.86, 114.89
6.5, -5.12, -7.86, -7.58, -3.69, 4.49, 17.75, 37.04, 63.52
7, -8.5, -14.9, -18.66, -19.25, -16.1, -8.54, 4.25, 23.25
7.5, -11.21, -20.55, -27.53, -31.7, -32.56, -29.54, -21.94, -8.89
8, -13.42, -25.15, -34.75, -41.83, -45.95, -46.61, -43.19, -34.96
8.5, -15.26, -28.96, -40.73, -50.21, -57.01, -60.68, -60.7, -56.41
9, -16.79, -32.16, -45.74, -57.22, -66.25, -72.44, -75.32, -74.3
9.5, -18.1, -34.87, -49.99, -63.16, -74.07, -82.38, -87.66, -89.39
10, -19.22, -37.2, -53.62, -68.24, -80.76, -90.87, -98.18, -102.25
10.5, -20.19, -39.21, -56.77, -72.63, -86.53, -98.19, -107.25, -113.31
11, -21.04, -40.96, -59.51, -76.45, -91.55, -104.55, -115.13, -122.91
11.5, -21.78, -42.5, -61.92, -79.81, -95.96, -110.13, -122.03, -131.31
12, -22.44, -43.87, -64.04, -82.77, -99.85, -115.05, -128.1, -138.7
12.5, -23.03, -45.08, -65.94, -85.41, -103.3, -119.41, -133.49, -145.25
13, -23.56, -46.17, -67.63, -87.77, -106.39, -123.31, -138.3, -151.09
13.5, -24.03, -47.15, -69.16, -89.89, -109.17, -126.81, -142.62, -156.32
14, -24.46, -48.04, -70.54, -91.8, -111.67, -129.97, -146.5, -161.03
14.5, -24.85, -48.84, -71.79, -93.54, -113.94, -132.83, -150.02, -165.29
15, -25.21, -49.58, -72.93, -95.12, -116.01, -135.43, -153.22, -169.16
15.5, -25.53, -50.25, -73.97, -96.57, -117.9, -137.81, -156.14, -172.69
16, -25.83, -50.86, -74.93, -97.9, -119.63, -139.99, -158.82, -175.92
16.5, -26.11, -51.43, -75.81, -99.12, -121.22, -141.99, -161.27, -178.89
17, -26.36, -51.96, -76.63, -100.25, -122.69, -143.84, -163.54, -181.62
17.5, -26.6, -52.44, -77.38, -101.29, -124.05, -145.54, -165.63, -184.15
18, -26.82, -52.9, -78.08, -102.26, -125.31, -147.13, -167.57, -186.48
18.5, -27.02, -53.32, -78.73, -103.16, -126.49, -148.6, -169.37, -188.66
19, -27.21, -53.71, -79.34, -104, -127.58, -149.97, -171.05, -190.68
19.5, -27.39, -54.08, -79.91, -104.79, -128.6, -151.25, -172.62, -192.56
20, -27.56, -54.42, -80.44, -105.52, -129.56, -152.45, -174.08, -194.32
20.5, -27.72, -54.74, -80.94, -106.21, -130.46, -153.58, -175.46, -195.98
21, -27.86, -55.05, -81.41, -106.86, -131.3, -154.63, -176.75, -197.53
21.5, -28, -55.33, -81.86, -107.48, -132.1, -155.63, -177.96, -198.98
22, -28.14, -55.6, -82.28, -108.05, -132.85, -156.56, -179.1, -200.36
22.5, -28.26, -55.86, -82.67, -108.6, -133.55, -157.45, -180.18, -201.65
23, -28.38, -56.1, -83.05, -109.11, -134.22, -158.29, -181.2, -202.88
23.5, -28.49, -56.33, -83.4, -109.6, -134.86, -159.08, -182.17, -204.03
24, -28.6, -56.55, -83.74, -110.07, -135.46, -159.83, -183.09, -205.13
24.5, -28.7, -56.76, -84.06, -110.51, -136.03, -160.54, -183.96, -206.17
25, -28.79, -56.95, -84.36, -110.93, -136.57, -161.22, -184.78, -207.16
25.5, -28.79, -56.95, -84.36, -110.93, -136.57, -161.22, -184.78, -207.16
ENDTABLE



LOG_ENTRY Used Dataset: Tire: Aligning Moment; { Racing Tires } Open Wheel Top Level - Road Course Front
#Library : Tire: Aligning Moment
#DataSet : Open Wheel Top Level - Road Course Front
#Category: Racing Tires
#FileID  : TireMz_838adf02-7d13-4295-9d03-36ca33706b97
#Product : CarSim 2017.1
#VehCode Tire: Mz

END
