PARSFILE
#FullDataName Path: X-Y Coordinates`GPS Imported Path - Long`Public Road Section
#RingCtrl0 1
DEFINE_PATHS 1
IPATH = NPATH
PATH_ID IPATH
DEFINE_XY_TABLES 1
ITAB_XY = NTAB_XY
XY_TABLE_ID = ITAB_XY
SET_DESCRIPTION PATH_ID GPS Imported Path - Long
SET_DESCRIPTION XY_TABLE_ID GPS Imported Path - Long
IPATHSEG = 1
PATH_ID_DM = PATH_ID
SEGMENT_TYPE = 1
XY_SEGMENT_ID = XY_TABLE_ID

#CheckBox0 0    
OPT_PATH_LOOP 0

#RadioCtrl0 0    

SPATH_START 0
#DiagramOne0
SEGMENT_XY_TABLE
0.0000, 0.0000, 0.000
23.8630, -0.8480, 23.878
129.9904, -2.9681, 130.027
204.7192, -4.6641, 204.775
386.2036, -9.7522, 386.330
410.0666, -10.6003, 410.208
729.0774, -18.2324, 729.311
784.3392, -19.9285, 784.598
853.4164, -21.6245, 853.696
958.9162, -24.1686, 959.227
1025.4815, -25.4406, 1025.804
1508.3948, -37.7369, 1508.874
1568.6805, -39.0089, 1569.173
1629.5942, -40.2810, 1630.100
1664.1329, -41.1290, 1664.649
1699.9276, -41.9770, 1700.454
1923.4874, -47.9131, 1924.093
1939.1868, -48.3372, 1939.798
1983.7732, -49.1852, 1984.392
2045.3150, -50.8812, 2045.957
2120.0443, -52.5772, 2120.706
2143.9074, -53.4253, 2144.584
2172.1664, -54.2733, 2172.856
2293.3661, -55.9693, 2294.067
2304.6697, -55.9693, 2305.371
2331.0448, -55.5453, 2331.750
2351.7681, -55.1213, 2352.477
2363.6997, -55.1213, 2364.409
2379.3991, -54.6973, 2380.114
2408.9140, -53.8493, 2409.641
2425.8694, -53.8493, 2426.596
2439.0570, -53.0013, 2439.811
2456.0124, -52.5772, 2456.772
2472.3398, -51.7292, 2473.121
2485.5273, -50.8812, 2486.336
2501.2267, -50.0332, 2502.058
2530.7417, -48.7612, 2531.601
2560.8846, -47.0651, 2561.791
2591.6555, -44.9451, 2592.635
2621.7983, -42.8250, 2622.852
2667.0126, -39.4329, 2668.194
2697.1555, -36.4649, 2698.482
2727.9263, -33.9208, 2729.358
2773.7685, -28.8327, 2775.482
2816.4709, -23.7446, 2818.486
2835.3101, -21.6245, 2837.445
2864.1969, -17.8084, 2866.582
2894.9677, -13.5683, 2897.644
2926.3664, -8.9042, 2929.387
2967.1846, -2.5441, 2970.698
2984.7679, 0.0000, 2988.464
2999.8392, 2.5441, 3003.749
3043.7973, 9.7522, 3048.294
3090.8951, 18.6564, 3096.226
3134.8531, 26.7126, 3140.916
3176.9271, 35.6168, 3183.922
3234.0723, 47.4891, 3242.287
3266.7266, 55.1213, 3275.822
3299.3809, 62.7535, 3309.356
3358.4098, 77.1698, 3370.120
3430.6258, 96.2503, 3444.814
3490.9103, 113.2107, 3507.439
3518.5406, 121.6909, 3536.341
3537.3794, 127.2030, 3555.970
3576.9410, 139.0753, 3597.275
3619.6422, 152.6436, 3642.080
3640.3649, 159.0038, 3663.757
3706.3004, 181.4763, 3733.416
3778.5153, 205.6449, 3809.568
3838.7988, 226.4214, 3873.332
3846.9622, 229.3895, 3882.018
3922.3164, 254.4060, 3961.416
3995.1584, 278.9986, 4038.298
4155.9124, 333.6959, 4208.102
4268.3139, 371.8568, 4326.805
4371.9236, 407.0496, 4436.229
4421.5305, 424.0100, 4488.655
4481.8122, 444.3625, 4552.279
4560.9316, 471.0752, 4635.787
4685.8894, 513.4761, 4767.742
4733.6117, 532.1326, 4818.982
4911.3138, 592.3420, 5006.607
4940.8260, 601.6702, 5037.558
4955.8960, 606.3343, 5053.333
4971.5940, 610.5744, 5069.594
4989.8036, 615.6626, 5088.501
5024.3390, 625.8388, 5124.505
5077.7119, 640.6791, 5179.902
5094.0377, 644.9192, 5196.770
5114.7588, 650.4314, 5218.211
5118.5263, 651.7034, 5222.188
5149.9220, 659.3356, 5254.498
5166.8757, 663.9997, 5272.082
5192.6201, 670.3598, 5298.600
5224.0157, 677.9920, 5330.910
5249.7601, 683.5041, 5357.238
5269.2254, 687.7442, 5377.160
5318.2024, 698.7685, 5427.362
5330.1327, 700.8886, 5439.479
5342.6909, 703.0086, 5452.215
5352.7374, 704.7046, 5462.404
5389.7841, 711.0648, 5499.992
5417.4120, 715.7289, 5528.011
5447.5517, 720.8170, 5558.577
5477.6912, 725.0571, 5589.014
5507.8308, 729.7212, 5619.512
5536.7145, 733.5373, 5648.647
5583.8075, 739.4734, 5696.112
5631.5284, 745.4096, 5744.201
5743.2955, 755.1618, 5856.393
5881.4346, 761.0980, 5994.659
5904.0391, 761.9460, 6017.280
5978.7598, 763.2180, 6092.011
6022.0852, 764.4900, 6135.355
6074.8291, 764.9140, 6188.101
6184.7123, 766.1861, 6297.992
6298.3629, 768.3061, 6411.662
6497.4084, 771.2742, 6610.730
6562.0824, 772.5462, 6675.416
6686.4073, 774.6663, 6799.759
6915.5919, 778.0584, 7028.969
6980.2659, 778.9064, 7093.648
7041.1725, 779.3304, 7154.556
7064.4049, 778.9064, 7177.793
7093.9164, 777.2103, 7207.353
7119.6604, 775.5143, 7233.153
7141.6370, 773.8183, 7255.195
7161.7299, 771.6982, 7275.399
7196.2646, 767.8821, 7310.144
7203.1716, 767.4581, 7317.064
7326.8688, 750.9217, 7441.862
7421.6826, 739.0494, 7537.416
7486.9849, 730.1452, 7603.322
7554.7989, 719.9690, 7671.896
7608.1711, 712.7608, 7725.752
7645.2178, 707.2487, 7763.207
7675.9853, 700.8886, 7794.625
7713.0320, 691.5603, 7832.828
7743.1718, 681.3841, 7864.639
7765.1487, 673.3279, 7888.046
7782.7302, 666.1197, 7907.048
7802.1956, 656.7915, 7928.633
7821.6609, 647.0393, 7950.405
7857.4521, 625.8388, 7992.004
7877.5454, 612.6945, 8016.014
7895.7551, 598.7021, 8038.979
7910.1972, 587.6779, 8057.148
7922.7556, 577.9257, 8073.048
7936.5699, 565.6294, 8091.542
7954.1518, 549.0930, 8115.679
7983.6642, 519.4123, 8157.535
8015.0606, 488.4596, 8201.624
8108.6226, 396.0254, 8333.145
8259.9571, 245.9258, 8546.293
ENDTABLE

LOG_ENTRY Used Dataset: Path: X-Y Coordinates; { Public Road Section } GPS Imported Path - Long
#Library : Path: X-Y Coordinates
#DataSet : GPS Imported Path - Long
#Category: Public Road Section
#FileID  : PathXY_2d4ce48c-1864-4541-9023-333f33c20c78
#Product : CarSim 2017.1
#VehCode X-Y Coordinates of Path

END
