PARSFILE
#FullDataName Path: X-Y Coordinates`Mcity Path Northern Curve`Mcity
#RingCtrl0 2
SET_IPATH_FOR_ID 1825
SET_ITAB_XY_FOR_ID 1825
SET_DESCRIPTION PATH_ID Mcity Path Northern Curve
SET_DESCRIPTION XY_TABLE_ID Mcity Path Northern Curve
IPATHSEG = 1
PATH_ID_DM = PATH_ID
SEGMENT_TYPE = 1
XY_SEGMENT_ID = XY_TABLE_ID

#CheckBox0 0    
OPT_PATH_LOOP 0

#RadioCtrl0 0    

SPATH_START 0
#DiagramOne0
SEGMENT_XY_TABLE
59.2243, 168.5829, 0.000
56.5272, 171.8649, 4.248
53.1444, 175.1487, 8.963
51.1478, 176.6675, 11.471
49.1001, 178.1382, 13.992
46.7376, 179.4561, 16.698
44.6509, 180.5133, 19.037
41.9269, 181.5625, 21.956
39.0995, 182.4506, 24.919
36.2915, 183.2002, 27.826
33.2817, 183.8801, 30.911
31.2971, 184.2953, 32.939
29.0165, 184.7725, 35.269
26.5329, 185.2046, 37.790
24.3800, 185.5792, 39.975
22.9917, 185.7778, 41.378
21.8718, 185.9361, 42.509
20.7381, 186.0710, 43.650
19.3172, 186.2420, 45.081
17.3219, 186.4851, 47.091
15.0343, 186.7669, 49.396
12.7363, 187.0538, 51.712
10.5010, 187.3316, 53.965
8.4015, 187.5858, 56.080
6.5106, 187.8023, 57.983
4.9016, 187.9667, 59.600
3.4334, 188.1051, 61.075
1.0665, 188.1804, 63.443
-1.2887, 188.0613, 65.801
-3.6214, 187.7419, 68.156
-5.9208, 187.2167, 70.514
-8.1671, 186.4896, 72.875
-10.3405, 185.5648, 75.237
-12.4211, 184.4478, 77.599
-14.3891, 183.1441, 79.959
-16.2094, 181.6887, 82.290
-17.8464, 180.1167, 84.560
-19.3554, 178.3890, 86.853
-20.7913, 176.4664, 89.253
-22.0834, 174.4010, 91.689
-23.1611, 172.2452, 94.100
-24.0226, 170.0307, 96.476
-24.6661, 167.7892, 98.808
-25.1140, 165.5296, 101.111
-25.3887, 163.2607, 103.397
-25.6123, 160.9877, 105.681
-25.5767, 158.7522, 107.917
-25.5755, 156.4464, 110.222
-25.5707, 154.1689, 112.500
-25.5618, 151.8691, 114.800
-25.5486, 149.5635, 117.105
-25.4627, 147.1025, 119.568
-25.1683, 143.8641, 122.820
-24.6509, 140.5720, 126.152
-23.7964, 136.7813, 130.038
-22.8697, 133.4913, 133.456
-20.8435, 127.2725, 139.996
-19.0416, 122.2653, 145.318
-17.9342, 119.6027, 148.202
-16.6218, 116.7524, 151.340
-14.7513, 113.2825, 155.282
-12.4717, 109.5612, 159.646
-10.0444, 106.0087, 163.948
-7.8102, 102.8833, 167.790
-6.1104, 100.4436, 170.764
-4.8050, 98.2992, 173.274
-3.7542, 96.0598, 175.748
-2.9498, 93.7382, 178.205
-2.3835, 91.3469, 180.662
-2.0533, 88.9235, 183.108
-1.9568, 86.5053, 185.528
-2.0486, 84.1396, 187.896
-2.2832, 81.8739, 190.173
-2.7022, 79.6834, 192.404
-3.3469, 77.5434, 194.639
-4.2044, 75.4382, 196.912
-5.2614, 73.3522, 199.250
-6.4592, 71.3790, 201.558
-7.7389, 69.6120, 203.740
-9.0909, 68.0272, 205.823
-10.5054, 66.6001, 207.833
-12.0191, 65.3445, 209.799
-13.6686, 64.2741, 211.766
-15.3862, 63.2963, 213.742
-16.9505, 62.5297, 215.484
-17.6188, 62.1790, 216.239
-18.3547, 61.7758, 217.078
-19.0163, 61.4762, 217.804
-19.6281, 61.2027, 218.474
-20.2637, 60.9010, 219.178
-20.9684, 60.6019, 219.944
ENDTABLE

LOG_ENTRY Used Dataset: Path: X-Y Coordinates; { Mcity } Mcity Path Northern Curve
#Library : Path: X-Y Coordinates
#DataSet : Mcity Path Northern Curve
#Category: Mcity
#FileID  : PathXY_0b9b7be1-467f-43b5-bc9d-5c4d80ad49cf
#Product : CarSim 2017.1
#VehCode X-Y Coordinates of Path

END
