PARSFILE
#FullDataName Path: X-Y Coordinates`Alt 3 Road from FHWA`Public Road Section
#RingCtrl0 1
DEFINE_PATHS 1
IPATH = NPATH
PATH_ID IPATH
DEFINE_XY_TABLES 1
ITAB_XY = NTAB_XY
XY_TABLE_ID = ITAB_XY
SET_DESCRIPTION PATH_ID Alt 3 Road from FHWA
SET_DESCRIPTION XY_TABLE_ID Alt 3 Road from FHWA
IPATHSEG = 1
PATH_ID_DM = PATH_ID
SEGMENT_TYPE = 1
XY_SEGMENT_ID = XY_TABLE_ID

#CheckBox0 0    
OPT_PATH_LOOP 0

#RadioCtrl0 0    

SPATH_START 0
#DiagramOne0
SEGMENT_XY_TABLE
0.0000, 0.0000, 0.000
4.3520, -2.4620, 5.000
8.7040, -4.9240, 10.000
13.0550, -7.3860, 15.000
17.4070, -9.8480, 20.000
21.7590, -12.3110, 25.000
26.1110, -14.7730, 30.000
30.4620, -17.2350, 35.000
34.8140, -19.6970, 40.000
39.1660, -22.1590, 45.000
43.5180, -24.6210, 50.000
47.8700, -27.0830, 55.000
52.2210, -29.5450, 59.999
56.5730, -32.0080, 65.000
60.9250, -34.4700, 70.000
65.2770, -36.9320, 75.000
69.6280, -39.3940, 80.000
73.9800, -41.8560, 85.000
78.3320, -44.3180, 90.000
82.6840, -46.7800, 95.000
87.0360, -49.2420, 100.000
91.3870, -51.7040, 104.999
95.7390, -54.1670, 110.000
100.0910, -56.6290, 115.000
104.4430, -59.0910, 120.000
108.7940, -61.5530, 125.000
113.1460, -64.0150, 130.000
117.4980, -66.4770, 135.000
121.8500, -68.9390, 140.000
126.2020, -71.4010, 145.000
130.5530, -73.8640, 150.000
134.9050, -76.3260, 155.000
139.2570, -78.7880, 160.000
143.6090, -81.2500, 165.000
147.9600, -83.7120, 170.000
152.3120, -86.1740, 175.000
156.6640, -88.6360, 180.000
161.0160, -91.0980, 185.000
165.3680, -93.5610, 190.001
169.7190, -96.0230, 195.000
174.0710, -98.4850, 200.000
178.4230, -100.9470, 205.000
182.7750, -103.4090, 210.000
187.1260, -105.8710, 215.000
191.4780, -108.3330, 220.000
195.8300, -110.7950, 225.000
200.1820, -113.2570, 230.000
204.5340, -115.7200, 235.001
208.8850, -118.1820, 240.000
213.2370, -120.6440, 245.000
217.5890, -123.1060, 250.000
221.9410, -125.5680, 255.000
226.2920, -128.0300, 260.000
230.6440, -130.4920, 265.000
234.9960, -132.9540, 270.000
239.3480, -135.4170, 275.000
243.7000, -137.8790, 280.001
248.0570, -140.3300, 285.000
252.4780, -142.6670, 290.000
256.9710, -144.8590, 295.000
261.5330, -146.9060, 300.000
266.1580, -148.8040, 304.999
270.8420, -150.5520, 309.999
275.5810, -152.1480, 314.999
280.3680, -153.5910, 319.999
285.1990, -154.8780, 324.998
290.0690, -156.0090, 329.998
294.9730, -156.9820, 334.998
299.9060, -157.7970, 339.997
304.8630, -158.4520, 344.998
309.8380, -158.9460, 349.997
314.8270, -159.2800, 354.997
319.8240, -159.4530, 359.997
324.8230, -159.4650, 364.996
329.8210, -159.3160, 369.996
334.8110, -159.0050, 374.996
339.7890, -158.5340, 379.996
344.7480, -157.9020, 384.995
349.6850, -157.1110, 389.995
354.5940, -156.1600, 394.996
359.4690, -155.0530, 399.995
364.3090, -153.7950, 404.996
369.1390, -152.5010, 409.996
373.9680, -151.2070, 414.995
378.7980, -149.9130, 419.996
383.6270, -148.6190, 424.995
388.4570, -147.3240, 429.996
393.2870, -146.0300, 434.996
398.1160, -144.7360, 439.995
402.9460, -143.4420, 444.996
407.7760, -142.1480, 449.996
412.6050, -140.8540, 454.995
417.4350, -139.5600, 459.996
422.2640, -138.2660, 464.995
427.0940, -136.9710, 469.996
431.9240, -135.6770, 474.996
436.7530, -134.3830, 479.995
441.5830, -133.0890, 484.996
446.4130, -131.7950, 489.996
451.2420, -130.5010, 494.995
456.0720, -129.2070, 499.996
460.9010, -127.9130, 504.995
465.7310, -126.6180, 509.996
470.5610, -125.3240, 514.996
475.3900, -124.0300, 519.995
480.2200, -122.7360, 524.996
485.0490, -121.4420, 529.995
489.8790, -120.1480, 534.995
494.7090, -118.8540, 539.996
499.5380, -117.5600, 544.995
504.3860, -116.3330, 549.996
509.2710, -115.2680, 554.996
514.1880, -114.3660, 559.995
519.1330, -113.6290, 564.994
524.1000, -113.0570, 569.994
529.0840, -112.6510, 574.995
534.0780, -112.4110, 579.994
539.0770, -112.3380, 584.994
544.0760, -112.4310, 589.994
549.0690, -112.6910, 594.994
554.0500, -113.1180, 599.993
559.0150, -113.7090, 604.993
563.9570, -114.4670, 609.993
568.8710, -115.3880, 614.992
573.7520, -116.4730, 619.992
578.5940, -117.7190, 624.992
583.3910, -119.1270, 629.992
588.1390, -120.6930, 634.991
592.8330, -122.4170, 639.992
597.4660, -124.2960, 644.991
602.0340, -126.3290, 649.991
606.5310, -128.5130, 654.990
610.9540, -130.8450, 659.991
615.2960, -133.3240, 664.990
619.5530, -135.9460, 669.990
623.7200, -138.7080, 674.989
627.7930, -141.6080, 679.989
631.7670, -144.6420, 684.989
635.6380, -147.8060, 689.989
639.4020, -151.0980, 694.989
643.0530, -154.5130, 699.988
646.5880, -158.0490, 704.988
650.0040, -161.7000, 709.988
653.2960, -165.4630, 714.988
656.4610, -169.3330, 719.987
659.4960, -173.3070, 724.988
662.3960, -177.3790, 729.987
665.2400, -181.4910, 734.987
668.0840, -185.6040, 739.987
670.9280, -189.7160, 744.987
673.7720, -193.8290, 749.987
676.6160, -197.9410, 754.987
679.4590, -202.0530, 759.986
682.3030, -206.1660, 764.987
685.1470, -210.2780, 769.986
687.9910, -214.3910, 774.987
690.8350, -218.5030, 779.986
693.6790, -222.6160, 784.987
696.5230, -226.7280, 789.987
699.3670, -230.8400, 794.986
702.2110, -234.9530, 799.987
705.0550, -239.0650, 804.987
707.8990, -243.1780, 809.987
710.7430, -247.2900, 814.987
713.6470, -251.3600, 819.987
716.7100, -255.3120, 824.987
719.9280, -259.1380, 829.986
723.2970, -262.8320, 834.986
726.8110, -266.3880, 839.985
730.4640, -269.8020, 844.985
734.2510, -273.0660, 849.984
738.1660, -276.1760, 854.984
742.2010, -279.1280, 859.984
746.3520, -281.9150, 864.984
750.6100, -284.5350, 869.983
754.9700, -286.9820, 874.983
759.4250, -289.2520, 879.983
763.9660, -291.3430, 884.982
768.5880, -293.2510, 889.983
773.2820, -294.9720, 894.982
778.0410, -296.5040, 899.982
782.8570, -297.8440, 904.981
787.7240, -298.9910, 909.981
792.6320, -299.9420, 914.980
797.5750, -300.6970, 919.980
802.5430, -301.2530, 924.979
807.5300, -301.6100, 929.979
812.5270, -301.7670, 934.979
817.5270, -301.7240, 939.979
822.5210, -301.4810, 944.979
827.5010, -301.0390, 949.978
832.4590, -300.3980, 954.978
837.3880, -299.5590, 959.978
842.2790, -298.5240, 964.977
847.1250, -297.2940, 969.976
851.9180, -295.8710, 974.976
856.6500, -294.2580, 979.976
861.3140, -292.4570, 984.975
865.9050, -290.4750, 989.976
870.4730, -288.4420, 994.976
875.0410, -286.4080, 999.976
ENDTABLE

LOG_ENTRY Used Dataset: Path: X-Y Coordinates; { Public Road Section } Alt 3 Road from FHWA
#Library : Path: X-Y Coordinates
#DataSet : Alt 3 Road from FHWA
#Category: Public Road Section
#FileID  : PathXY_7b12e040-94c4-4afc-b112-02ea4acca62d
#Product : CarSim 2017.1
#VehCode X-Y Coordinates of Path

END
