PARSFILE
#FullDataName Path: X-Y Coordinates`Handling Course Race Line`Handling Course
#RingCtrl0 1
DEFINE_PATHS 1
IPATH = NPATH
PATH_ID IPATH
DEFINE_XY_TABLES 1
ITAB_XY = NTAB_XY
XY_TABLE_ID = ITAB_XY
SET_DESCRIPTION PATH_ID Handling Course Race Line
SET_DESCRIPTION XY_TABLE_ID Handling Course Race Line
IPATHSEG = 1
PATH_ID_DM = PATH_ID
SEGMENT_TYPE = 1
XY_SEGMENT_ID = XY_TABLE_ID

#CheckBox0 1    
OPT_PATH_LOOP 1

#RadioCtrl0 0    

SPATH_START 0
#DiagramOne0
SEGMENT_XY_TABLE
-3.7171, -6.0474, 0.000
4.7175, -54.9519, 49.627
5.3415, -59.9128, 54.627
5.9048, -64.8809, 59.626
6.3677, -69.8593, 64.626
6.6705, -74.8498, 69.626
6.7885, -79.8481, 74.626
6.6869, -84.8466, 79.625
6.3377, -89.8338, 84.625
5.7165, -94.7944, 89.624
4.8012, -99.7091, 94.623
3.5597, -104.5514, 99.622
1.9776, -109.2934, 104.621
0.0723, -113.9151, 109.620
-2.1242, -118.4059, 114.619
-4.5948, -122.7520, 119.619
-7.3252, -126.9398, 124.618
-10.2729, -130.9777, 129.617
-13.4571, -134.8317, 134.616
-16.8673, -138.4872, 139.616
-20.5162, -141.9040, 144.615
-24.4026, -145.0480, 149.613
-28.5077, -147.9005, 154.612
-32.8255, -150.4186, 159.611
-37.3534, -152.5351, 164.609
-42.0674, -154.1954, 169.607
-46.9283, -155.3564, 174.604
-51.8858, -155.9883, 179.602
-56.8822, -156.1156, 184.600
-61.8698, -155.7861, 189.598
-66.8138, -155.0498, 194.597
-71.6739, -153.8823, 199.595
-76.4149, -152.2989, 204.594
-81.0008, -150.3104, 209.592
-85.4029, -147.9426, 214.591
-89.5871, -145.2082, 219.589
-93.5207, -142.1242, 224.588
-97.2275, -138.7698, 229.587
-100.6595, -135.1360, 234.585
-103.8221, -131.2641, 239.584
-106.6877, -127.1684, 244.583
-109.2385, -122.8696, 249.582
-111.4232, -118.3738, 254.580
-113.2674, -113.7272, 259.579
-114.8589, -108.9881, 264.579
-116.1282, -104.1530, 269.578
-117.0665, -99.2427, 274.577
-117.7360, -94.2883, 279.576
-118.1812, -89.3085, 284.576
-118.4143, -84.3143, 289.575
-118.4674, -79.3148, 294.575
-118.3739, -74.3158, 299.575
-118.1731, -69.3199, 304.575
-117.8959, -64.3276, 309.575
-117.5571, -59.3392, 314.575
-117.2155, -54.3509, 319.575
-116.8900, -49.3615, 324.575
-116.5838, -44.3709, 329.575
-116.3858, -39.3749, 334.575
-116.2572, -34.3766, 339.575
-116.1953, -29.3771, 344.575
-116.1830, -24.3771, 349.575
-116.2230, -19.3774, 354.575
-116.4225, -14.3816, 359.574
-116.7573, -9.3930, 364.574
-117.1886, -4.4117, 369.574
-117.6818, 0.5639, 374.574
-118.1732, 5.5397, 379.574
-118.5769, 10.5232, 384.574
-118.8075, 15.5175, 389.573
-118.8697, 20.5169, 394.573
-118.7439, 25.5149, 399.573
-118.3790, 30.5010, 404.572
-117.6819, 35.4508, 409.571
-116.5529, 40.3197, 414.569
-114.9210, 45.0429, 419.566
-112.8316, 49.5841, 424.565
-110.3734, 53.9364, 429.564
-107.5947, 58.0919, 434.562
-104.5316, 62.0427, 439.562
-101.2489, 65.8134, 444.561
-97.8080, 69.4409, 449.561
-94.2824, 72.9863, 454.561
-90.7477, 76.5226, 459.561
-87.2330, 80.0788, 464.561
-83.7340, 83.6505, 469.561
-80.2508, 87.2376, 474.561
-76.7856, 90.8421, 479.561
-73.4290, 94.5467, 484.560
-70.3576, 98.4906, 489.559
-67.6844, 102.7128, 494.556
-65.5431, 107.2269, 499.552
-64.1272, 112.0143, 504.545
-63.8057, 116.9913, 509.532
-64.6221, 121.9161, 514.524
-66.3564, 126.5981, 519.517
-68.8613, 130.9195, 524.512
-72.0047, 134.8027, 529.508
-75.5821, 138.2926, 534.505
-79.5072, 141.3865, 539.503
-83.7108, 144.0906, 544.502
-88.0965, 146.4900, 549.501
-92.6126, 148.6349, 554.500
-97.2134, 150.5919, 559.500
-101.8661, 152.4224, 564.500
-106.5304, 154.2235, 569.500
-111.1478, 156.1409, 574.500
-115.6848, 158.2410, 579.499
-120.0817, 160.6195, 584.498
-124.2778, 163.3356, 589.496
-128.2358, 166.3877, 594.495
-131.8947, 169.7923, 599.492
-135.1530, 173.5807, 604.489
-137.9828, 177.7008, 609.488
-140.4207, 182.0644, 614.486
-142.5084, 186.6061, 619.485
-144.2431, 191.2942, 624.483
-145.6597, 196.0885, 629.483
-146.8532, 200.9438, 634.482
-147.9008, 205.8327, 639.482
-148.8346, 210.7446, 644.482
-149.6628, 215.6754, 649.482
-150.3928, 220.6217, 654.482
-150.9972, 225.5849, 659.482
-151.4460, 230.5644, 664.481
-151.6576, 235.5591, 669.481
-151.5624, 240.5574, 674.480
-151.1743, 245.5416, 679.479
-150.5056, 250.4960, 684.478
-149.5253, 255.3980, 689.477
-148.2202, 260.2235, 694.476
-146.4952, 264.9144, 699.474
-144.2801, 269.3929, 704.471
-141.4186, 273.4858, 709.465
-137.9766, 277.1071, 714.461
-134.0767, 280.2309, 719.458
-129.8576, 282.9094, 724.455
-125.4293, 285.2287, 729.454
-120.8596, 287.2568, 734.454
-116.1870, 289.0355, 739.453
-111.4658, 290.6800, 744.453
-106.6856, 292.1445, 749.452
-101.8419, 293.3840, 754.452
-96.9329, 294.3271, 759.451
-91.9674, 294.9013, 764.449
-86.9714, 295.0448, 769.447
-81.9749, 294.8703, 774.447
-76.9959, 294.4178, 779.446
-72.0468, 293.7116, 784.446
-67.1415, 292.7463, 789.445
-62.2979, 291.5082, 794.444
-57.5270, 290.0139, 799.444
-52.8315, 288.2967, 804.443
-48.2062, 286.3983, 809.443
-43.6319, 284.3796, 814.443
-39.0712, 282.3303, 819.443
-34.4988, 280.3070, 824.443
-29.9058, 278.3312, 829.443
-25.2510, 276.5064, 834.443
-20.5561, 274.7866, 839.443
-15.8220, 273.1783, 844.443
-11.0636, 271.6434, 849.442
-6.2459, 270.3079, 854.442
-1.3643, 269.2285, 859.441
3.5601, 268.3642, 864.441
8.5147, 267.6942, 869.441
13.4891, 267.1905, 874.440
18.4764, 266.8361, 879.440
23.4713, 266.6133, 884.440
28.4698, 266.4974, 889.440
33.4697, 266.4671, 894.440
38.4695, 266.5067, 899.440
43.4684, 266.6104, 904.440
48.4661, 266.7604, 909.440
53.4629, 266.9407, 914.440
58.4591, 267.1347, 919.440
63.4552, 267.3322, 924.440
68.4516, 267.5225, 929.440
73.4487, 267.6911, 934.440
78.4466, 267.8372, 939.440
83.4453, 267.9479, 944.440
88.4451, 267.9905, 949.440
93.4445, 267.9239, 954.440
98.4396, 267.7093, 959.439
103.4221, 267.2963, 964.439
108.3777, 266.6365, 969.438
113.2797, 265.6568, 974.437
118.1031, 264.3433, 979.436
122.8251, 262.7025, 984.435
127.4188, 260.7310, 989.434
131.8691, 258.4535, 994.433
136.1973, 255.9510, 999.433
140.4095, 253.2577, 1004.433
144.5332, 250.4306, 1009.432
148.5454, 247.4473, 1014.432
152.4481, 244.3225, 1019.432
156.2137, 241.0334, 1024.431
159.8518, 237.6040, 1029.431
163.3419, 234.0242, 1034.431
166.6870, 230.3084, 1039.430
169.8855, 226.4657, 1044.430
172.9138, 222.4877, 1049.430
175.7459, 218.3677, 1054.429
178.3732, 214.1143, 1059.429
180.7943, 209.7401, 1064.428
183.0182, 205.2623, 1069.428
185.0329, 200.6867, 1074.427
186.8392, 196.0248, 1079.427
188.4280, 191.2845, 1084.426
189.7948, 186.4753, 1089.426
190.9445, 181.6098, 1094.425
191.8642, 176.6956, 1099.425
192.5577, 171.7443, 1104.425
193.0529, 166.7692, 1109.424
193.3765, 161.7799, 1114.424
193.5749, 156.7839, 1119.424
193.6965, 151.7854, 1124.424
193.8016, 146.7865, 1129.424
202.6786, -108.0420, 1384.407
202.8117, -113.0401, 1389.407
202.7999, -118.0398, 1394.407
202.5296, -123.0315, 1399.406
201.8897, -127.9888, 1404.404
200.8039, -132.8674, 1409.402
199.1890, -137.5966, 1414.399
197.0371, -142.1065, 1419.396
194.3747, -146.3348, 1424.393
191.1620, -150.1600, 1429.388
187.3811, -153.4233, 1434.383
183.1621, -156.0993, 1439.379
178.6205, -158.1820, 1444.375
173.8686, -159.7306, 1449.373
168.9927, -160.8294, 1454.371
164.0535, -161.6051, 1459.371
159.1010, -162.2925, 1464.371
154.1399, -162.9145, 1469.371
149.1747, -163.5031, 1474.371
144.2078, -164.0769, 1479.371
139.2395, -164.6390, 1484.371
134.2699, -165.1897, 1489.371
129.2987, -165.7254, 1494.371
124.3249, -166.2358, 1499.371
119.3486, -166.7219, 1504.371
114.3706, -167.1903, 1509.371
109.3907, -167.6381, 1514.371
104.4089, -168.0643, 1519.371
99.4250, -168.4642, 1524.371
94.4313, -168.6830, 1529.369
89.4399, -168.4275, 1534.367
84.4994, -167.6743, 1539.365
79.6655, -166.4051, 1544.362
74.9972, -164.6215, 1549.360
70.5548, -162.3326, 1554.357
66.4003, -159.5557, 1559.354
62.5845, -156.3286, 1564.352
59.1064, -152.7387, 1569.350
55.9352, -148.8747, 1574.349
53.1014, -144.7574, 1579.347
50.6737, -140.3882, 1584.346
48.6136, -135.8338, 1589.344
46.9398, -131.1238, 1594.343
45.6638, -126.2909, 1599.341
44.8073, -121.3664, 1604.340
44.3848, -116.3859, 1609.338
44.4189, -111.3880, 1614.336
44.9318, -106.4162, 1619.334
45.9067, -101.5141, 1624.332
47.3569, -96.7310, 1629.331
49.2759, -92.1163, 1634.328
51.6419, -87.7139, 1639.326
54.4138, -83.5549, 1644.324
57.5700, -79.6796, 1649.322
61.1217, -76.1643, 1654.320
65.0379, -73.0595, 1659.317
69.2474, -70.3647, 1664.315
73.6167, -67.9341, 1669.315
77.9959, -65.5211, 1674.315
82.3533, -63.0690, 1679.315
86.6977, -60.5938, 1684.315
91.0291, -58.0961, 1689.315
95.3469, -55.5749, 1694.315
99.6558, -53.0384, 1699.315
103.9484, -50.4748, 1704.315
108.0726, -47.6516, 1709.313
111.8575, -44.3887, 1714.310
115.2221, -40.6943, 1719.307
118.0938, -36.6059, 1724.303
120.3621, -32.1554, 1729.298
121.8871, -27.3987, 1734.294
122.7298, -22.4738, 1739.290
122.9405, -17.4816, 1744.287
122.5303, -12.5014, 1749.284
121.6339, -7.5835, 1754.283
120.5843, -2.6949, 1759.283
119.7117, 2.2275, 1764.282
119.2202, 7.2018, 1769.280
119.1693, 12.1999, 1774.279
119.5236, 17.1862, 1779.278
120.2065, 22.1385, 1784.277
121.2027, 27.0373, 1789.276
122.4191, 31.8868, 1794.276
123.7986, 36.6925, 1799.275
125.3367, 41.4498, 1804.275
127.0128, 46.1603, 1809.275
128.8247, 50.8202, 1814.275
130.7791, 55.4222, 1819.275
132.8639, 59.9667, 1824.274
135.0781, 64.4495, 1829.274
137.4185, 68.8677, 1834.274
139.8735, 73.2234, 1839.274
142.3862, 77.5461, 1844.274
144.9130, 81.8607, 1849.274
147.4342, 86.1784, 1854.274
149.9527, 90.4978, 1859.274
152.4682, 94.8190, 1864.274
154.9794, 99.1426, 1869.274
157.4129, 103.5102, 1874.274
159.6646, 107.9738, 1879.273
161.6540, 112.5602, 1884.272
163.3614, 117.2587, 1889.271
164.7564, 122.0592, 1894.271
165.8316, 126.9412, 1899.270
166.5541, 131.8875, 1904.268
166.8875, 136.8751, 1909.267
166.8010, 141.8726, 1914.265
166.2802, 146.8439, 1919.264
165.3299, 151.7511, 1924.262
163.9412, 156.5524, 1929.260
162.0864, 161.1934, 1934.258
159.7940, 165.6347, 1939.256
157.1048, 169.8482, 1944.255
154.0817, 173.8288, 1949.253
150.7388, 177.5454, 1954.252
147.1418, 181.0172, 1959.251
143.3674, 184.2957, 1964.251
139.4172, 187.3593, 1969.250
135.2797, 190.1651, 1974.249
130.9321, 192.6312, 1979.247
126.3727, 194.6786, 1984.245
121.6472, 196.3078, 1989.244
116.7935, 197.5009, 1994.242
111.8496, 198.2353, 1999.240
106.8599, 198.5305, 2004.238
101.8633, 198.3930, 2009.237
96.8913, 197.8747, 2014.236
91.9618, 197.0422, 2019.235
87.0878, 195.9295, 2024.234
82.2645, 194.6132, 2029.234
77.5023, 193.0910, 2034.234
72.8147, 191.3524, 2039.233
68.2055, 189.4157, 2044.233
63.6889, 187.2719, 2049.232
59.2699, 184.9333, 2054.232
54.9569, 182.4047, 2059.232
50.7555, 179.6946, 2064.231
46.6622, 176.8238, 2069.231
42.6708, 173.8127, 2074.231
38.7698, 170.6853, 2079.231
34.9597, 167.4479, 2084.230
31.2485, 164.0975, 2089.230
27.6333, 160.6437, 2094.230
24.1137, 157.0925, 2099.230
20.7044, 153.4355, 2104.230
17.4212, 149.6647, 2109.229
14.2732, 145.7804, 2114.229
11.2460, 141.8013, 2119.229
8.3555, 137.7218, 2124.229
5.6110, 133.5427, 2129.228
3.0208, 129.2662, 2134.228
0.5857, 124.8996, 2139.228
-1.6944, 120.4500, 2144.228
-3.8327, 115.9305, 2149.227
-5.8423, 111.3524, 2154.227
-7.7010, 106.7109, 2159.227
-9.4393, 102.0230, 2164.227
-10.9471, 97.2568, 2169.226
-12.2464, 92.4291, 2174.225
-13.3119, 87.5443, 2179.225
-14.1553, 82.6164, 2184.224
-14.7416, 77.6515, 2189.224
-15.0471, 72.6616, 2194.223
-15.0675, 67.6623, 2199.222
-14.8300, 62.6684, 2204.222
-14.3691, 57.6900, 2209.222
-13.7313, 52.7311, 2214.221
-12.9803, 47.7879, 2219.221
-12.1517, 42.8570, 2224.221
-3.7171, -6.0474, 2273.848
ENDTABLE

#EMBEDDED_NOTES
#This is a race line obtained by someone driving very slowly and carefully with a desktop driving simulator.
#END_EMBEDDED_NOTES

LOG_ENTRY Used Dataset: Path: X-Y Coordinates; { Handling Course } Handling Course Race Line
#Library : Path: X-Y Coordinates
#DataSet : Handling Course Race Line
#Category: Handling Course
#FileID  : PathXY_c507bbb7-cf7a-44da-a069-618a787b17a0
#Product : CarSim 2017.1
#VehCode X-Y Coordinates of Path

END
