PARSFILE
#FullDataName Control: Throttle (Open Loop)`Ramp To Full Throttle in 0.1 sec.`Ramp
#CheckBox0 0    

#RingCtrl0 LINEAR_FLAT
#RadioCtrl0 0    

#DiagramOne0
THROTTLE_ENGINE_TABLE LINEAR_FLAT
0, 0
5.25, 0
10.5, 0
15.75, 0
21, 0
26.25, 0
31.5, 0
36.75, 0
42, 0
47.25, 0
52.5, 65.5401747
57.75, 57.47242295
63, 57.20578622
68.25, 67.53902266
73.5, 57.94356049
78.75, 47.87419806
84, 7.287160188
89.25, 16.92716856
94.5, 9.403799648
99.75, 11.67665601
105, 1.239503712
110.25, 4.828799397
115.5, 15.56037938
120.75, 5.04895616
126, 0.917820191
131.25, 1.258172377
136.5, 14.57316437
141.75, 15.53770031
147, 4.692285153
152.25, 7.829112175
157.5, 8.284258104
162.75, 6.701668995
168, 7.281786663
173.25, 2.420825052
178.5, 6.565091464
183.75, 2.518903975
189, 1.273974242
194.25, 11.29568582
199.5, 6.674303168
204.75, 0.565536677
210, 4.601227306
215.25, 4.49715645
220.5, 3.754455576
225.75, 0.004471409
231, 5.091164168
236.25, 4.15682702
241.5, 3.332824902
246.75, 13.54418958
252, 1.689042638
257.25, 3.171915207
262.5, 7.608709538
267.75, 0.608347736
273, 1.818277104
278.25, 1.457333663
283.5, 1.445646594
288.75, 4.701430948
294, 2.665302191
299.25, 3.311156755
304.5, 20.68968608
309.75, 0.819915628
315, 6.048244772
320.25, 7.295823377
325.5, 6.756001412
330.75, 1.352259088
336, 6.545136973
341.25, 5.3299957
346.5, 2.766148522
351.75, 9.404963264
357, 9.880899368
362.25, 2.966351169
367.5, 3.587214654
372.75, 3.082000315
378, 18.55140729
383.25, 6.580283335
388.5, 5.965053785
393.75, 7.166467161
399, 4.108251921
404.25, 7.374086687
409.5, 5.901515158
414.75, 16.1359059
420, 5.112004982
425.25, 23.36869384
430.5, 3.775745953
435.75, 3.091188187
441, 36.91608901
446.25, 6.043686945
451.5, 3.613546241
456.75, 1.44884276
462, 1.992522388
467.25, 13.41577564
472.5, 2.092696933
477.75, 8.07578514
483, 5.547947384
488.25, 2.77199893
493.5, 6.636891757
498.75, 7.009848505
504, 2.585161826
509.25, 5.910202607
514.5, 10.03140916
519.75, 4.837664938
525, 22.92625105
530.25, 0.084829266
535.5, 23.62398921
540.75, 6.231692875
546, 7.158381672
551.25, 9.341383674
556.5, 29.20759269
561.75, 4.374854517
567, 0.044353485
572.25, 0.044053102
ENDTABLE


LOG_ENTRY Used Dataset: Control: Throttle (Open Loop); { Ramp } Ramp To Full Throttle in 0.1 sec.
#Library : Control: Throttle (Open Loop)
#DataSet : Ramp To Full Throttle in 0.1 sec.
#Category: Ramp
#FileID  : Throttle_a707549f-09ea-4f2d-86ee-5ccb52597176
#Product : CarSim 2017.1
#VehCode Open-loop Throttle

END
