PARSFILE
#FullDataName Tire: Longitudinal Force`Open Wheel Club Level - Road Course Rear`Racing Tires
#CheckBox0 0    

#RingCtrl0 CARPET_FROM_ZERO
#RadioCtrl0 0    
#RadioCtrl1 0    

*3D_XLabel Vertical load (N)
*3D_YLabel Abs. slip ratio [Kappa] (-)
*3D_ZLabel Abs. longitudinal tire force Fx (N)

#DiagramTwo0
*3D_DATA 8, 51 ! columns x rows
FX_TIRE_CARPET 2D_FROM_ZERO
0, 343.23, 686.47, 1029.7, 1372.93, 1716.16, 2059.4, 2402.63, 2745.86
0.01, 188.67, 363.02, 522.28, 665.54, 792.08, 901.26, 992.54, 1065.45
0.02, 313.87, 604.88, 871.12, 1110.89, 1322.88, 1505.97, 1659.2, 1781.73
0.03, 382.25, 737.6, 1063.07, 1356.47, 1616.06, 1840.44, 2028.38, 2178.81
0.04, 418.67, 808.55, 1165.92, 1488.26, 1773.61, 2020.37, 2227.16, 2392.79
0.05, 438.62, 847.52, 1222.53, 1560.89, 1860.53, 2119.72, 2337.01, 2511.12
0.06, 449.83, 869.47, 1254.47, 1601.93, 1909.7, 2175.97, 2399.26, 2578.22
0.07, 456.13, 881.89, 1272.57, 1625.24, 1937.65, 2208, 2434.73, 2616.49
0.08, 459.58, 888.71, 1282.56, 1638.12, 1953.15, 2225.78, 2454.45, 2637.79
0.09, 461.29, 892.13, 1287.6, 1644.67, 1961.04, 2234.87, 2464.56, 2648.74
0.1, 461.91, 893.43, 1289.55, 1647.24, 1964.18, 2238.52, 2468.65, 2653.2
0.11, 461.85, 893.38, 1289.55, 1647.3, 1964.31, 2238.71, 2468.92, 2653.54
0.12, 461.36, 892.48, 1288.3, 1645.74, 1962.5, 2236.69, 2466.73, 2651.22
0.13, 460.59, 891.04, 1286.25, 1643.17, 1959.46, 2233.26, 2462.98, 2647.22
0.14, 459.66, 889.25, 1283.71, 1639.94, 1955.65, 2228.94, 2458.24, 2642.15
0.15, 458.62, 887.27, 1280.87, 1636.34, 1951.36, 2224.08, 2452.9, 2636.43
0.16, 457.52, 885.18, 1277.86, 1632.51, 1946.82, 2218.92, 2447.22, 2630.34
0.17, 456.41, 883.03, 1274.78, 1628.59, 1942.16, 2213.62, 2441.39, 2624.08
0.18, 455.29, 880.88, 1271.69, 1624.66, 1937.48, 2208.29, 2435.52, 2617.78
0.19, 454.18, 878.75, 1268.63, 1620.75, 1932.83, 2203, 2429.69, 2611.53
0.2, 453.1, 876.67, 1265.62, 1616.92, 1928.26, 2197.8, 2423.97, 2605.38
0.21, 452.05, 874.63, 1262.69, 1613.18, 1923.81, 2192.73, 2418.38, 2599.37
0.22, 451.02, 872.66, 1259.85, 1609.55, 1919.48, 2187.8, 2412.94, 2593.54
0.23, 450.04, 870.75, 1257.09, 1606.03, 1915.29, 2183.03, 2407.68, 2587.89
0.24, 449.08, 868.91, 1254.44, 1602.64, 1911.25, 2178.42, 2402.6, 2582.43
0.25, 448.17, 867.13, 1251.88, 1599.37, 1907.35, 2173.98, 2397.7, 2577.16
0.26, 447.28, 865.43, 1249.41, 1596.22, 1903.6, 2169.7, 2392.99, 2572.09
0.27, 446.43, 863.79, 1247.04, 1593.19, 1899.98, 2165.59, 2388.45, 2567.22
0.28, 445.62, 862.21, 1244.76, 1590.28, 1896.51, 2161.63, 2384.08, 2562.52
0.29, 444.84, 860.69, 1242.57, 1587.48, 1893.17, 2157.82, 2379.89, 2558.01
0.3, 444.08, 859.23, 1240.47, 1584.79, 1889.97, 2154.17, 2375.85, 2553.67
0.31, 443.36, 857.83, 1238.45, 1582.21, 1886.88, 2150.65, 2371.97, 2549.5
0.32, 442.67, 856.49, 1236.5, 1579.72, 1883.92, 2147.27, 2368.24, 2545.49
0.33, 442, 855.19, 1234.63, 1577.33, 1881.07, 2144.02, 2364.66, 2541.64
0.34, 441.36, 853.95, 1232.83, 1575.04, 1878.32, 2140.89, 2361.2, 2537.93
0.35, 440.74, 852.75, 1231.11, 1572.82, 1875.68, 2137.88, 2357.88, 2534.36
0.36, 440.14, 851.6, 1229.44, 1570.69, 1873.14, 2134.98, 2354.69, 2530.92
0.37, 439.57, 850.49, 1227.84, 1568.64, 1870.7, 2132.19, 2351.61, 2527.61
0.38, 439.02, 849.42, 1226.29, 1566.67, 1868.34, 2129.51, 2348.64, 2524.42
0.39, 438.49, 848.39, 1224.8, 1564.77, 1866.07, 2126.91, 2345.78, 2521.34
0.4, 437.98, 847.4, 1223.37, 1562.93, 1863.88, 2124.42, 2343.02, 2518.38
0.41, 437.49, 846.44, 1221.98, 1561.16, 1861.76, 2122, 2340.36, 2515.52
0.42, 437.01, 845.52, 1220.65, 1559.45, 1859.72, 2119.68, 2337.8, 2512.75
0.43, 436.55, 844.63, 1219.36, 1557.8, 1857.75, 2117.43, 2335.31, 2510.09
0.44, 436.1, 843.77, 1218.11, 1556.21, 1855.85, 2115.26, 2332.92, 2507.51
0.45, 435.68, 842.93, 1216.91, 1554.66, 1854.01, 2113.16, 2330.6, 2505.02
0.46, 435.26, 842.13, 1215.74, 1553.17, 1852.23, 2111.13, 2328.36, 2502.61
0.47, 434.86, 841.35, 1214.61, 1551.73, 1850.51, 2109.17, 2326.19, 2500.28
0.48, 434.47, 840.59, 1213.52, 1550.34, 1848.84, 2107.27, 2324.1, 2498.02
0.49, 434.09, 839.86, 1212.47, 1548.99, 1847.23, 2105.43, 2322.07, 2495.83
0.5, 433.73, 839.16, 1211.45, 1547.68, 1845.67, 2103.64, 2320.1, 2493.72
0.51, 433.73, 839.16, 1211.45, 1547.68, 1845.67, 2103.64, 2320.1, 2493.72
ENDTABLE

MU_REF_X 1


LOG_ENTRY Used Dataset: Tire: Longitudinal Force; { Racing Tires } Open Wheel Club Level - Road Course Rear
#Library : Tire: Longitudinal Force
#DataSet : Open Wheel Club Level - Road Course Rear
#Category: Racing Tires
#FileID  : TireFx_f79c1973-ada3-4f2e-b26e-ae437aa58f42
#Product : CarSim 2017.1
#VehCode Tire: Fx

END
