PARSFILE
#FullDataName Tire: Longitudinal Force`Open Wheel Top Level - Road Course Front`Racing Tires
#CheckBox0 0    

#RingCtrl0 CARPET_FROM_ZERO
#RadioCtrl0 0    
#RadioCtrl1 0    

*3D_XLabel Vertical load (N)
*3D_YLabel Abs. slip ratio [Kappa] (-)
*3D_ZLabel Abs. longitudinal tire force Fx (N)

#DiagramTwo0
*3D_DATA 8, 51 ! columns x rows
FX_TIRE_CARPET 2D_FROM_ZERO
0, 2780.19, 5560.37, 8340.56, 11120.74, 13900.93, 16681.11, 19461.3, 22241.48
0.016, 1681.31, 3164.05, 4458.32, 5559.11, 6460.53, 7157.08, 7643.88, 7916.63
0.032, 2742.3, 5214.58, 7403.21, 9287.82, 10850.63, 12076.36, 12951.76, 13465.28
0.048, 3237.04, 6208.26, 8870.53, 11188.03, 13131.43, 14675.89, 15799.92, 16484.61
0.064, 3433.49, 6620.27, 9498.07, 12021.29, 14153.14, 15862.47, 17122.16, 17908.14
0.08, 3500.3, 6769.54, 9735.37, 12346.98, 14563.54, 16350.42, 17677.28, 18517
0.096, 3513.81, 6807.09, 9802.52, 12446.77, 14697.04, 16516.88, 17874.26, 18740.43
0.112, 3505.99, 6798.23, 9797.16, 12448.32, 14707.97, 16538.83, 17908.03, 18785.98
0.128, 3490.2, 6771.05, 9762.11, 12408.51, 14666.16, 16497.42, 17869.05, 18751.09
0.144, 3472.08, 6737.74, 9716.34, 12352.97, 14603.48, 16430.12, 17799.56, 18681.68
0.16, 3454.02, 6703.61, 9668.31, 12293.32, 14534.58, 16354.4, 17719.45, 18599.61
0.176, 3437, 6670.94, 9621.72, 12234.77, 14466.18, 16278.37, 17638.11, 18515.33
0.192, 3421.33, 6640.59, 9578.1, 12179.56, 14401.23, 16205.7, 17559.85, 18433.71
0.208, 3407.08, 6612.8, 9537.94, 12128.47, 14340.86, 16137.85, 17486.47, 18356.87
0.224, 3394.16, 6587.5, 9501.25, 12081.63, 14285.33, 16075.26, 17418.58, 18285.57
0.24, 3382.48, 6564.53, 9467.83, 12038.87, 14234.52, 16017.85, 17356.17, 18219.88
0.256, 3371.89, 6543.67, 9437.42, 11999.87, 14188.09, 15965.3, 17298.95, 18159.55
0.272, 3362.28, 6524.69, 9409.7, 11964.28, 14145.66, 15917.22, 17246.52, 18104.21
0.288, 3353.54, 6507.39, 9384.41, 11931.75, 14106.84, 15873.18, 17198.45, 18053.42
0.304, 3345.57, 6491.59, 9361.27, 11901.97, 14071.26, 15832.77, 17154.32, 18006.75
0.32, 3338.27, 6477.11, 9340.05, 11874.64, 14038.58, 15795.64, 17113.72, 17963.79
0.336, 3331.58, 6463.82, 9320.55, 11849.49, 14008.49, 15761.43, 17076.31, 17924.17
0.352, 3325.41, 6451.56, 9302.57, 11826.3, 13980.73, 15729.84, 17041.74, 17887.55
0.368, 3319.73, 6440.25, 9285.95, 11804.85, 13955.04, 15700.61, 17009.74, 17853.64
0.384, 3314.46, 6429.78, 9270.56, 11784.98, 13931.23, 15673.49, 16980.04, 17822.15
0.4, 3309.58, 6420.05, 9256.26, 11766.52, 13909.1, 15648.29, 16952.43, 17792.87
0.416, 3305.04, 6411.01, 9242.96, 11749.32, 13888.49, 15624.81, 16926.69, 17765.57
0.432, 3300.81, 6402.57, 9230.55, 11733.28, 13869.25, 15602.88, 16902.66, 17740.07
0.448, 3296.86, 6394.69, 9218.95, 11718.29, 13851.26, 15582.38, 16880.18, 17716.21
0.464, 3293.16, 6387.31, 9208.08, 11704.24, 13834.41, 15563.15, 16859.1, 17693.84
0.48, 3289.69, 6380.38, 9197.89, 11691.05, 13818.58, 15545.11, 16839.31, 17672.83
0.496, 3286.43, 6373.87, 9188.3, 11678.65, 13803.7, 15528.13, 16820.68, 17653.05
0.512, 3283.36, 6367.75, 9179.28, 11666.97, 13789.68, 15512.14, 16803.14, 17634.42
0.528, 3280.47, 6361.97, 9170.76, 11655.95, 13776.45, 15497.05, 16786.58, 17616.83
0.544, 3277.73, 6356.51, 9162.72, 11645.54, 13763.95, 15482.78, 16770.92, 17600.2
0.56, 3275.15, 6351.35, 9155.11, 11635.69, 13752.11, 15469.28, 16756.11, 17584.46
0.576, 3272.7, 6346.46, 9147.9, 11626.36, 13740.9, 15456.49, 16742.06, 17569.54
0.592, 3270.38, 6341.82, 9141.06, 11617.5, 13730.26, 15444.34, 16728.73, 17555.38
0.608, 3268.18, 6337.41, 9134.56, 11609.08, 13720.15, 15432.8, 16716.06, 17541.92
0.624, 3266.08, 6333.22, 9128.38, 11601.08, 13710.54, 15421.82, 16704.01, 17529.11
0.64, 3264.08, 6329.22, 9122.5, 11593.46, 13701.38, 15411.37, 16692.53, 17516.91
0.656, 3262.18, 6325.42, 9116.89, 11586.19, 13692.64, 15401.39, 16681.58, 17505.27
0.672, 3260.36, 6321.79, 9111.53, 11579.25, 13684.31, 15391.88, 16671.12, 17494.16
0.688, 3258.63, 6318.32, 9106.41, 11572.62, 13676.34, 15382.78, 16661.14, 17483.54
0.704, 3256.97, 6315, 9101.52, 11566.29, 13668.72, 15374.08, 16651.58, 17473.39
0.72, 3255.39, 6311.83, 9096.84, 11560.22, 13661.43, 15365.75, 16642.43, 17463.66
0.736, 3253.87, 6308.79, 9092.35, 11554.41, 13654.44, 15357.77, 16633.67, 17454.34
0.752, 3252.41, 6305.87, 9088.05, 11548.83, 13647.74, 15350.12, 16625.26, 17445.41
0.768, 3251.01, 6303.08, 9083.92, 11543.48, 13641.31, 15342.77, 16617.19, 17436.83
0.784, 3249.67, 6300.39, 9079.96, 11538.34, 13635.13, 15335.72, 16609.44, 17428.58
0.8, 3248.38, 6297.8, 9076.14, 11533.4, 13629.19, 15328.93, 16601.99, 17420.66
0.816, 3248.38, 6297.8, 9076.14, 11533.4, 13629.19, 15328.93, 16601.99, 17420.66
ENDTABLE

MU_REF_X 1


LOG_ENTRY Used Dataset: Tire: Longitudinal Force; { Racing Tires } Open Wheel Top Level - Road Course Front
#Library : Tire: Longitudinal Force
#DataSet : Open Wheel Top Level - Road Course Front
#Category: Racing Tires
#FileID  : TireFx_93c5d8cf-8c9c-473d-b20e-6b1274e59187
#Product : CarSim 2017.1
#VehCode Tire: Fx

END
