PARSFILE
#FullDataName Tire: Longitudinal Force`Open Wheel Club Level - Road Course Front`Racing Tires
#CheckBox0 0    

#RingCtrl0 CARPET_FROM_ZERO
#RadioCtrl0 0    
#RadioCtrl1 0    

*3D_XLabel Vertical load (N)
*3D_YLabel Abs. slip ratio [Kappa] (-)
*3D_ZLabel Abs. longitudinal tire force Fx (N)

#DiagramTwo0
*3D_DATA 8, 51 ! columns x rows
FX_TIRE_CARPET 2D_FROM_ZERO
0, 294.2, 588.4, 882.6, 1176.8, 1471, 1765.2, 2059.4, 2353.6
0.01, 161.72, 311.16, 447.67, 570.46, 678.92, 772.51, 850.75, 913.24
0.02, 269.03, 518.47, 746.67, 952.19, 1133.9, 1290.83, 1422.17, 1527.2
0.03, 327.64, 632.23, 911.21, 1162.69, 1385.2, 1577.52, 1738.61, 1867.55
0.04, 358.86, 693.04, 999.36, 1275.65, 1520.24, 1731.74, 1909, 2050.97
0.05, 375.96, 726.45, 1047.88, 1337.91, 1594.74, 1816.9, 2003.15, 2152.39
0.06, 385.56, 745.26, 1075.26, 1373.09, 1636.88, 1865.12, 2056.51, 2209.9
0.07, 390.97, 755.9, 1090.78, 1393.06, 1660.85, 1892.57, 2086.91, 2242.71
0.08, 393.93, 761.75, 1099.33, 1404.11, 1674.13, 1907.81, 2103.81, 2260.96
0.09, 395.39, 764.68, 1103.66, 1409.71, 1680.89, 1915.6, 2112.48, 2270.35
0.1, 395.93, 765.79, 1105.33, 1411.92, 1683.59, 1918.73, 2115.99, 2274.17
0.11, 395.88, 765.76, 1105.33, 1411.97, 1683.69, 1918.9, 2116.22, 2274.46
0.12, 395.45, 764.98, 1104.26, 1410.64, 1682.14, 1917.17, 2114.34, 2272.48
0.13, 394.79, 763.75, 1102.5, 1408.43, 1679.54, 1914.22, 2111.12, 2269.04
0.14, 393.99, 762.22, 1100.32, 1405.67, 1676.27, 1910.52, 2107.06, 2264.7
0.15, 393.1, 760.52, 1097.89, 1402.57, 1672.6, 1906.36, 2102.48, 2259.79
0.16, 392.16, 758.72, 1095.31, 1399.3, 1668.71, 1901.93, 2097.62, 2254.58
0.17, 391.21, 756.88, 1092.67, 1395.94, 1664.71, 1897.39, 2092.62, 2249.21
0.18, 390.25, 755.04, 1090.02, 1392.56, 1660.69, 1892.82, 2087.59, 2243.81
0.19, 389.3, 753.22, 1087.4, 1389.22, 1656.71, 1888.29, 2082.59, 2238.45
0.2, 388.37, 751.43, 1084.82, 1385.93, 1652.8, 1883.83, 2077.69, 2233.18
0.21, 387.47, 749.69, 1082.31, 1382.72, 1648.98, 1879.48, 2072.89, 2228.03
0.22, 386.59, 747.99, 1079.87, 1379.61, 1645.27, 1875.26, 2068.24, 2223.03
0.23, 385.75, 746.36, 1077.51, 1376.6, 1641.68, 1871.17, 2063.73, 2218.19
0.24, 384.93, 744.78, 1075.23, 1373.69, 1638.21, 1867.22, 2059.37, 2213.51
0.25, 384.14, 743.26, 1073.04, 1370.89, 1634.87, 1863.41, 2055.18, 2209
0.26, 383.39, 741.79, 1070.92, 1368.19, 1631.65, 1859.75, 2051.13, 2204.65
0.27, 382.66, 740.39, 1068.89, 1365.59, 1628.56, 1856.22, 2047.24, 2200.47
0.28, 381.96, 739.03, 1066.94, 1363.1, 1625.58, 1852.82, 2043.5, 2196.45
0.29, 381.29, 737.73, 1065.06, 1360.7, 1622.72, 1849.56, 2039.9, 2192.58
0.3, 380.64, 736.49, 1063.26, 1358.39, 1619.97, 1846.43, 2036.44, 2188.86
0.31, 380.02, 735.29, 1061.53, 1356.18, 1617.33, 1843.41, 2033.12, 2185.29
0.32, 379.43, 734.13, 1059.86, 1354.05, 1614.79, 1840.52, 2029.92, 2181.85
0.33, 378.86, 733.02, 1058.26, 1352, 1612.34, 1837.73, 2026.85, 2178.55
0.34, 378.31, 731.96, 1056.72, 1350.03, 1609.99, 1835.05, 2023.89, 2175.37
0.35, 377.78, 730.93, 1055.23, 1348.13, 1607.73, 1832.47, 2021.04, 2172.31
0.36, 377.27, 729.94, 1053.81, 1346.31, 1605.55, 1829.99, 2018.3, 2169.36
0.37, 376.78, 728.99, 1052.43, 1344.55, 1603.45, 1827.59, 2015.66, 2166.52
0.38, 376.3, 728.08, 1051.11, 1342.86, 1601.43, 1825.29, 2013.12, 2163.79
0.39, 375.85, 727.2, 1049.83, 1341.23, 1599.49, 1823.07, 2010.67, 2161.15
0.4, 375.41, 726.34, 1048.6, 1339.65, 1597.61, 1820.93, 2008.31, 2158.61
0.41, 374.99, 725.52, 1047.42, 1338.14, 1595.8, 1818.86, 2006.03, 2156.16
0.42, 374.58, 724.73, 1046.27, 1336.67, 1594.05, 1816.87, 2003.82, 2153.79
0.43, 374.18, 723.97, 1045.16, 1335.26, 1592.36, 1814.94, 2001.7, 2151.5
0.44, 373.8, 723.23, 1044.1, 1333.89, 1590.73, 1813.08, 1999.64, 2149.29
0.45, 373.44, 722.51, 1043.06, 1332.57, 1589.15, 1811.28, 1997.66, 2147.16
0.46, 373.08, 721.82, 1042.06, 1331.29, 1587.63, 1809.54, 1995.74, 2145.09
0.47, 372.74, 721.16, 1041.1, 1330.06, 1586.15, 1807.86, 1993.88, 2143.09
0.48, 372.4, 720.51, 1040.16, 1328.86, 1584.72, 1806.23, 1992.08, 2141.16
0.49, 372.08, 719.88, 1039.26, 1327.7, 1583.34, 1804.65, 1990.34, 2139.29
0.5, 371.77, 719.28, 1038.38, 1326.58, 1582, 1803.12, 1988.65, 2137.47
0.51, 371.77, 719.28, 1038.38, 1326.58, 1582, 1803.12, 1988.65, 2137.47
ENDTABLE

MU_REF_X 1


LOG_ENTRY Used Dataset: Tire: Longitudinal Force; { Racing Tires } Open Wheel Club Level - Road Course Front
#Library : Tire: Longitudinal Force
#DataSet : Open Wheel Club Level - Road Course Front
#Category: Racing Tires
#FileID  : TireFx_2e02afca-d9fa-46e6-a233-51b3a533e9a3
#Product : CarSim 2017.1
#VehCode Tire: Fx

END
