PARSFILE
#FullDataName Tire: Longitudinal Force`Open Wheel Top Level - Road Course Rear`Racing Tires
#CheckBox0 0    

#RingCtrl0 CARPET_FROM_ZERO
#RadioCtrl0 0    
#RadioCtrl1 0    

*3D_XLabel Vertical load (N)
*3D_YLabel Abs. slip ratio [Kappa] (-)
*3D_ZLabel Abs. longitudinal tire force Fx (N)

#DiagramTwo0
*3D_DATA 8, 51 ! columns x rows
FX_TIRE_CARPET 2D_FROM_ZERO
0, 2780.19, 5560.37, 8340.56, 11120.74, 13900.93, 16681.11, 19461.3, 22241.48
0.016, 2017.64, 3779.9, 5294.27, 6551.8, 7543.28, 8260.42, 8695.97, 8843.65
0.032, 3290.87, 6229.56, 8791.34, 10946.36, 12669.15, 13938.04, 14734.41, 15042.03
0.048, 3884.57, 7416.65, 10533.79, 13185.89, 15332.19, 16938.32, 17974.59, 18414.91
0.064, 4120.32, 7908.85, 11279.01, 14167.95, 16525.14, 18307.82, 19478.82, 20005.13
0.08, 4200.49, 8087.18, 11560.8, 14551.8, 17004.32, 18871, 20110.34, 20685.28
0.096, 4216.7, 8132.03, 11640.53, 14669.41, 17160.19, 19063.12, 20334.43, 20934.87
0.112, 4207.32, 8121.45, 11634.17, 14671.23, 17172.96, 19088.45, 20372.85, 20985.77
0.128, 4188.37, 8088.98, 11592.55, 14624.32, 17124.14, 19040.66, 20328.51, 20946.79
0.144, 4166.63, 8049.18, 11538.2, 14558.86, 17050.95, 18962.99, 20249.46, 20869.25
0.16, 4144.96, 8008.42, 11481.16, 14488.55, 16970.5, 18875.59, 20158.32, 20777.57
0.176, 4124.53, 7969.39, 11425.84, 14419.55, 16890.64, 18787.84, 20065.79, 20683.43
0.192, 4105.73, 7933.13, 11374.04, 14354.48, 16814.8, 18703.96, 19976.75, 20592.25
0.208, 4088.62, 7899.93, 11326.35, 14294.27, 16744.31, 18625.66, 19893.27, 20506.41
0.224, 4073.12, 7869.71, 11282.78, 14239.07, 16679.49, 18553.42, 19816.04, 20426.75
0.24, 4059.1, 7842.26, 11243.1, 14188.67, 16620.15, 18487.16, 19745.04, 20353.37
0.256, 4046.4, 7817.34, 11206.98, 14142.7, 16565.94, 18426.51, 19679.94, 20285.98
0.272, 4034.87, 7794.67, 11174.07, 14100.76, 16516.4, 18371.01, 19620.3, 20224.16
0.288, 4024.38, 7774.01, 11144.03, 14062.43, 16471.08, 18320.18, 19565.61, 20167.42
0.304, 4014.81, 7755.13, 11116.55, 14027.33, 16429.53, 18273.55, 19515.41, 20115.29
0.32, 4006.06, 7737.83, 11091.36, 13995.11, 16391.38, 18230.69, 19469.22, 20067.3
0.336, 3998.02, 7721.94, 11068.19, 13965.47, 16356.25, 18191.21, 19426.65, 20023.04
0.352, 3990.62, 7707.31, 11046.84, 13938.14, 16323.83, 18154.75, 19387.33, 19982.13
0.368, 3983.8, 7693.79, 11027.11, 13912.86, 16293.84, 18121.01, 19350.92, 19944.25
0.384, 3977.48, 7681.28, 11008.83, 13889.44, 16266.04, 18089.72, 19317.14, 19909.08
0.4, 3971.63, 7669.66, 10991.85, 13867.68, 16240.2, 18060.63, 19285.72, 19876.36
0.416, 3966.18, 7658.85, 10976.06, 13847.42, 16216.14, 18033.52, 19256.45, 19845.87
0.432, 3961.1, 7648.78, 10961.32, 13828.51, 16193.68, 18008.22, 19229.11, 19817.39
0.448, 3956.36, 7639.36, 10947.54, 13810.84, 16172.67, 17984.55, 19203.53, 19790.73
0.464, 3951.92, 7630.54, 10934.64, 13794.28, 16152.99, 17962.37, 19179.55, 19765.74
0.48, 3947.75, 7622.27, 10922.53, 13778.74, 16134.51, 17941.54, 19157.03, 19742.26
0.496, 3943.84, 7614.5, 10911.15, 13764.12, 16117.13, 17921.95, 19135.85, 19720.18
0.512, 3940.16, 7607.18, 10900.43, 13750.36, 16100.76, 17903.49, 19115.89, 19699.36
0.528, 3936.68, 7600.27, 10890.32, 13737.37, 16085.31, 17886.07, 19097.05, 19679.71
0.544, 3933.41, 7593.75, 10880.77, 13725.1, 16070.72, 17869.6, 19079.24, 19661.14
0.56, 3930.3, 7587.58, 10871.74, 13713.49, 16056.9, 17854.02, 19062.38, 19643.55
0.576, 3927.37, 7581.74, 10863.18, 13702.49, 16043.81, 17839.25, 19046.4, 19626.88
0.592, 3924.58, 7576.2, 10855.05, 13692.05, 16031.39, 17825.24, 19031.24, 19611.06
0.608, 3921.93, 7570.93, 10847.34, 13682.14, 16019.59, 17811.92, 19016.83, 19596.02
0.624, 3919.42, 7565.92, 10840, 13672.7, 16008.36, 17799.25, 19003.11, 19581.72
0.64, 3917.02, 7561.16, 10833.01, 13663.72, 15997.66, 17787.18, 18990.05, 19568.08
0.656, 3914.74, 7556.61, 10826.34, 13655.15, 15987.47, 17775.67, 18977.59, 19555.08
0.672, 3912.56, 7552.27, 10819.98, 13646.98, 15977.73, 17764.68, 18965.7, 19542.67
0.688, 3910.48, 7548.13, 10813.91, 13639.16, 15968.43, 17754.19, 18954.34, 19530.81
0.704, 3908.49, 7544.17, 10808.1, 13631.69, 15959.54, 17744.15, 18943.47, 19519.47
0.72, 3906.59, 7540.38, 10802.54, 13624.54, 15951.02, 17734.53, 18933.06, 19508.61
0.736, 3904.76, 7536.74, 10797.21, 13617.69, 15942.86, 17725.32, 18923.09, 19498.2
0.752, 3903.01, 7533.26, 10792.1, 13611.12, 15935.04, 17716.49, 18913.53, 19488.21
0.768, 3901.34, 7529.92, 10787.2, 13604.82, 15927.53, 17708.01, 18904.35, 19478.63
0.784, 3899.72, 7526.71, 10782.49, 13598.76, 15920.32, 17699.87, 18895.53, 19469.42
0.8, 3898.18, 7523.62, 10777.96, 13592.94, 15913.38, 17692.04, 18887.05, 19460.57
0.816, 3898.18, 7523.62, 10777.96, 13592.94, 15913.38, 17692.04, 18887.05, 19460.57
ENDTABLE

MU_REF_X 1


LOG_ENTRY Used Dataset: Tire: Longitudinal Force; { Racing Tires } Open Wheel Top Level - Road Course Rear
#Library : Tire: Longitudinal Force
#DataSet : Open Wheel Top Level - Road Course Rear
#Category: Racing Tires
#FileID  : TireFx_8c93f0c5-fde2-4918-8370-0041140acc35
#Product : CarSim 2017.1
#VehCode Tire: Fx

END
