PARSFILE
#FullDataName Path: X-Y Coordinates for Segment`Clothoid Segment w/ Positive Curvature`
#RingCtrl0 1
DEFINE_XY_TABLES 1
ITAB_XY = NTAB_XY
XY_TABLE_ID = ITAB_XY
SET_DESCRIPTION XY_TABLE_ID Clothoid Segment w/ Positive Curvature
XY_SEGMENT_ID = XY_TABLE_ID


#RadioCtrl0 0    

#DiagramOne0
SEGMENT_XY_TABLE
0, 0, 0.000
1.5, 1.40625e-05, 1.500
3, 0.0001125, 3.000
4.5, 0.000379687, 4.500
6, 0.0009, 6.000
7.5, 0.00175781, 7.500
9, 0.0030375, 9.000
10.5, 0.00482344, 10.500
12, 0.0072, 12.000
13.5, 0.0102516, 13.500
15, 0.0140625, 15.000
16.5, 0.0187172, 16.500
18, 0.0243, 18.000
19.5, 0.0308953, 19.500
20.9999, 0.0385874, 21.000
22.4999, 0.0474608, 22.500
23.9999, 0.0575998, 24.000
25.4998, 0.0690887, 25.500
26.9998, 0.082012, 27.000
28.4997, 0.096454, 28.500
29.9996, 0.112499, 30.000
31.4995, 0.130231, 31.500
32.9994, 0.149736, 33.000
34.4992, 0.171096, 34.500
35.9991, 0.194396, 36.000
37.4988, 0.219722, 37.500
38.9986, 0.247156, 39.000
40.4983, 0.276784, 40.500
41.998, 0.308689, 42.000
43.4976, 0.342957, 43.500
44.9971, 0.37967, 45.000
46.4966, 0.418914, 46.500
47.996, 0.460773, 48.000
49.4954, 0.50533, 49.500
50.9946, 0.552671, 51.000
52.4938, 0.602879, 52.500
53.9928, 0.656038, 54.000
55.4918, 0.712232, 55.500
56.9906, 0.771547, 57.000
58.4893, 0.834064, 58.500
59.9879, 0.89987, 60.000
61.4863, 0.969047, 61.500
62.9845, 1.04168, 63.000
64.4826, 1.11785, 64.500
65.9804, 1.19765, 66.000
67.4781, 1.28115, 67.500
68.9756, 1.36844, 69.000
70.4728, 1.45961, 70.500
71.9698, 1.55473, 72.000
73.4665, 1.6539, 73.500
74.9629, 1.75719, 75.000
76.4591, 1.86469, 76.500
77.9549, 1.97648, 78.000
79.4504, 2.09265, 79.500
80.9455, 2.21327, 81.000
82.4403, 2.33844, 82.500
83.9347, 2.46823, 84.000
85.4286, 2.60272, 85.500
86.9222, 2.74201, 87.000
88.4152, 2.88617, 88.500
89.9078, 3.03528, 90.000
91.3998, 3.18942, 91.500
92.8914, 3.34869, 93.000
94.3823, 3.51316, 94.500
95.8727, 3.68291, 96.000
97.3624, 3.85802, 97.500
98.8515, 4.03858, 99.000
100.34, 4.22467, 100.500
101.828, 4.41636, 102.000
103.315, 4.61374, 103.500
104.801, 4.8169, 105.000
106.286, 5.0259, 106.500
107.771, 5.24084, 108.000
109.254, 5.46178, 109.500
110.737, 5.68882, 111.000
112.219, 5.92202, 112.500
113.7, 6.16147, 114.000
115.179, 6.40726, 115.500
116.658, 6.65944, 117.000
118.135, 6.91812, 118.500
119.612, 7.18335, 120.000
121.087, 7.45523, 121.500
122.561, 7.73383, 123.000
124.033, 8.01922, 124.500
125.505, 8.31148, 126.000
126.975, 8.61069, 127.500
128.443, 8.91693, 129.000
129.91, 9.23027, 130.500
131.375, 9.55078, 132.000
132.839, 9.87854, 133.500
134.301, 10.2136, 135.000
135.761, 10.5561, 136.500
137.22, 10.9061, 138.000
138.677, 11.2636, 139.500
140.132, 11.6287, 141.000
141.585, 12.0015, 142.500
143.036, 12.382, 144.000
144.484, 12.7704, 145.500
145.931, 13.1667, 147.000
147.376, 13.571, 148.500
148.818, 13.9832, 150.000
150.258, 14.4036, 151.500
151.695, 14.8322, 153.000
153.13, 15.269, 154.500
154.563, 15.7142, 156.000
155.992, 16.1676, 157.500
157.419, 16.6296, 158.999
158.844, 17.1, 160.500
160.265, 17.579, 162.000
161.684, 18.0666, 163.500
163.099, 18.5629, 165.000
164.512, 19.068, 166.500
165.921, 19.5818, 168.000
167.327, 20.1046, 169.500
168.73, 20.6362, 171.000
170.129, 21.1769, 172.500
171.524, 21.7266, 174.000
172.916, 22.2853, 175.500
174.305, 22.8533, 177.000
175.689, 23.4304, 178.500
177.07, 24.0168, 180.000
178.447, 24.6125, 181.500
179.819, 25.2175, 183.000
181.187, 25.832, 184.499
182.552, 26.4559, 186.000
183.911, 27.0893, 187.500
185.266, 27.7322, 188.999
186.617, 28.3848, 190.500
187.963, 29.0469, 192.000
189.304, 29.7188, 193.500
190.64, 30.4003, 195.000
191.972, 31.0916, 196.500
193.298, 31.7927, 198.000
194.618, 32.5036, 199.499
194.97, 32.6949, 199.900
195.058, 32.7428, 200.000
ENDTABLE

#EMBEDDED_NOTES
#Clothoid Segment w/ Positive Curvature
#END_EMBEDDED_NOTES

LOG_ENTRY Used Dataset: Path: X-Y Coordinates for Segment; Clothoid Segment w/ Positive Curvature
#Library : Path: X-Y Coordinates for Segment
#DataSet : Clothoid Segment w/ Positive Curvature
#Category: 
#FileID  : XYtab_43eeab29-0e3e-47d9-8511-46eafe65e722
#Product : CarSim 2017.1
#VehCode X-Y Coordinates of Segment

END
