PARSFILE
#FullDataName Powertrain: Fuel Consumption Rate`150 kW Gasoline Engine`
#CheckBox0 0    

#RingCtrl0 CARPET
#RadioCtrl0 0    
#RadioCtrl1 0    

*3D_XLabel Throttle (-)
*3D_YLabel Engine speed (rpm)
*3D_ZLabel Fuel rate (kg/sec)

#DiagramTwo0
*3D_DATA 26, 19 ! columns x rows
FUEL_RATE_CARPET 2D_LINEAR
0, 0, 0.04, 0.08, 0.12, 0.16, 0.2, 0.24, 0.28, 0.32, 0.36, 0.4, 0.44, 0.48, 0.52, 0.56, 0.6, 0.64, 0.68, 0.72, 0.76, 0.8, 0.84, 0.88, 0.92, 0.96, 1
1200, 8.3333e-06, 8.3333e-06, 1.25e-05, 1.3333e-05, 1.4167e-05, 1.5417e-05, 1.625e-05, 1.7083e-05, 1.7917e-05, 1.9167e-05, 2e-05, 2.0833e-05, 2.1667e-05, 2.2917e-05, 2.375e-05, 2.4583e-05, 2.5417e-05, 2.6667e-05, 2.75e-05, 2.8333e-05, 2.9167e-05, 3.0417e-05, 3.125e-05, 3.2083e-05, 3.2917e-05, 3.4167e-05
1600, 8.3333e-06, 8.3333e-06, 1.6667e-05, 2.4583e-05, 2.9583e-05, 3.3333e-05, 3.4583e-05, 3.5417e-05, 3.5833e-05, 3.625e-05, 3.6667e-05, 3.7083e-05, 3.75e-05, 3.7917e-05, 3.8333e-05, 3.875e-05, 3.9167e-05, 4e-05, 4.0417e-05, 4.0833e-05, 4.125e-05, 4.1667e-05, 4.2083e-05, 4.25e-05, 4.2917e-05, 4.3333e-05
2000, 8.3333e-06, 8.3333e-06, 1.625e-05, 2.5833e-05, 3.2917e-05, 3.7917e-05, 4.125e-05, 4.3333e-05, 4.4583e-05, 4.5e-05, 4.5417e-05, 4.625e-05, 4.6667e-05, 4.7083e-05, 4.75e-05, 4.7917e-05, 4.875e-05, 4.9167e-05, 4.9583e-05, 5e-05, 5.0417e-05, 5.125e-05, 5.1667e-05, 5.2083e-05, 5.25e-05, 5.2917e-05
2400, 8.75e-06, 8.75e-06, 1.625e-05, 2.6667e-05, 3.6667e-05, 4.3333e-05, 4.75e-05, 5.125e-05, 5.3333e-05, 5.4583e-05, 5.5417e-05, 5.5833e-05, 5.625e-05, 5.7083e-05, 5.75e-05, 5.8333e-05, 5.875e-05, 5.9167e-05, 6e-05, 6.0417e-05, 6.125e-05, 6.1667e-05, 6.2083e-05, 6.2917e-05, 6.3333e-05, 6.4167e-05
2800, 9.5833e-06, 9.5833e-06, 1.625e-05, 2.75e-05, 3.7917e-05, 4.7083e-05, 5.4167e-05, 5.8333e-05, 6.1667e-05, 6.375e-05, 6.5e-05, 6.5833e-05, 6.6667e-05, 6.7083e-05, 6.7917e-05, 6.875e-05, 6.9583e-05, 7e-05, 7.0833e-05, 7.1667e-05, 7.25e-05, 7.2917e-05, 7.375e-05, 7.4583e-05, 7.5417e-05, 7.5833e-05
3200, 1.0833e-05, 1.0833e-05, 1.6667e-05, 2.75e-05, 3.9583e-05, 4.9583e-05, 5.7917e-05, 6.4167e-05, 6.8333e-05, 7.2083e-05, 7.4167e-05, 7.5417e-05, 7.625e-05, 7.6667e-05, 7.75e-05, 7.8333e-05, 7.9167e-05, 8e-05, 8.0833e-05, 8.125e-05, 8.2083e-05, 8.2917e-05, 8.375e-05, 8.4583e-05, 8.5417e-05, 8.625e-05
3600, 1.1667e-05, 1.1667e-05, 1.625e-05, 2.7917e-05, 3.9583e-05, 5.1667e-05, 6.125e-05, 6.9167e-05, 7.4167e-05, 7.875e-05, 8.125e-05, 8.3333e-05, 8.4583e-05, 8.5833e-05, 8.7083e-05, 8.8333e-05, 8.9583e-05, 9.0833e-05, 9.25e-05, 9.375e-05, 9.5e-05, 9.625e-05, 9.75e-05, 9.875e-05, 0.0001, 0.00010125
4000, 1.25e-05, 1.25e-05, 1.5833e-05, 2.7083e-05, 4e-05, 5.375e-05, 6.5e-05, 7.4167e-05, 8.125e-05, 8.625e-05, 8.9583e-05, 9.2083e-05, 9.4583e-05, 9.625e-05, 9.75e-05, 9.9167e-05, 0.00010042, 0.00010208, 0.00010375, 0.000105, 0.00010667, 0.00010792, 0.00010958, 0.00011125, 0.0001125, 0.00011417
4400, 1.375e-05, 1.375e-05, 1.7083e-05, 2.7083e-05, 4.0833e-05, 5.4167e-05, 6.75e-05, 7.875e-05, 8.8333e-05, 9.4167e-05, 9.9583e-05, 0.0001025, 0.000105, 0.00010708, 0.00010875, 0.00011, 0.00011167, 0.00011333, 0.00011458, 0.00011625, 0.0001175, 0.00011917, 0.00012083, 0.00012208, 0.00012375, 0.000125
4800, 1.5e-05, 1.5e-05, 1.8333e-05, 2.7083e-05, 3.9583e-05, 5.5417e-05, 7e-05, 8.2917e-05, 9.2917e-05, 0.0001, 0.00010625, 0.00011042, 0.00011333, 0.00011583, 0.00011833, 0.00012083, 0.00012333, 0.00012583, 0.00012833, 0.00013083, 0.00013292, 0.00013542, 0.00013792, 0.00014042, 0.00014292, 0.00014542
5600, 1.625e-05, 1.625e-05, 1.9167e-05, 2.7083e-05, 4.0417e-05, 5.5833e-05, 7.25e-05, 8.625e-05, 9.9583e-05, 0.00011042, 0.00011667, 0.00012333, 0.00012792, 0.00013042, 0.00013333, 0.00013583, 0.00013792, 0.00014, 0.0001425, 0.00014458, 0.00014667, 0.00014875, 0.00015125, 0.00015333, 0.00015542, 0.00015792
6400, 1.875e-05, 1.875e-05, 2.2083e-05, 2.6667e-05, 4.0417e-05, 5.6667e-05, 7.2917e-05, 9e-05, 0.00010667, 0.00011958, 0.00012917, 0.00013583, 0.00014292, 0.00015208, 0.00016167, 0.00017083, 0.00017667, 0.00017708, 0.00017792, 0.00017875, 0.00017917, 0.00018, 0.00018083, 0.00018125, 0.00018208, 0.00018292
7200, 2.1667e-05, 2.1667e-05, 2.5417e-05, 2.9167e-05, 3.9583e-05, 5.7083e-05, 7.4583e-05, 9.2083e-05, 0.00011333, 0.00013125, 0.00014458, 0.00016, 0.00017625, 0.00019292, 0.00020292, 0.00020625, 0.00020917, 0.00021208, 0.00021375, 0.00021417, 0.000215, 0.00021542, 0.00021625, 0.00021667, 0.00021708, 0.00021792
8000, 2.4583e-05, 2.4583e-05, 3.4583e-05, 4.9167e-05, 6.75e-05, 8.75e-05, 0.00010792, 0.00013208, 0.00015292, 0.00016792, 0.00018167, 0.00020292, 0.00022375, 0.00024458, 0.00025125, 0.00025333, 0.00025583, 0.00025833, 0.00026, 0.00026042, 0.00026083, 0.00026125, 0.00026208, 0.0002625, 0.00026292, 0.00026375
8800, 2.6667e-05, 2.6667e-05, 3.5417e-05, 5.0833e-05, 6.875e-05, 9.0833e-05, 0.0001125, 0.00013875, 0.00016333, 0.00018458, 0.00019875, 0.00021417, 0.00023667, 0.00025875, 0.00028125, 0.00029292, 0.00029542, 0.00029792, 0.00030042, 0.0003025, 0.00030458, 0.000305, 0.00030542, 0.00030625, 0.00030667, 0.0003075
9600, 3.0833e-05, 3.0833e-05, 3.9583e-05, 5.0417e-05, 6.9583e-05, 9.0833e-05, 0.00011333, 0.00014, 0.00016833, 0.00019125, 0.00022417, 0.00026667, 0.00029208, 0.00030208, 0.0003125, 0.0003225, 0.00033042, 0.00033292, 0.0003354, 0.0003379, 0.00034043, 0.0003425, 0.000345, 0.00034543, 0.00034583, 0.00034623
10400, 3.25e-05, 3.25e-05, 4.0833e-05, 4.875e-05, 6.8333e-05, 9e-05, 0.00011333, 0.00014167, 0.00017083, 0.00021042, 0.00026375, 0.0002875, 0.00031125, 0.00032458, 0.00033627, 0.0003479, 0.0003596, 0.00036667, 0.00036917, 0.00037123, 0.00037377, 0.00037623, 0.00037877, 0.00038083, 0.00038333, 0.00038583
11200, 3.4583e-05, 3.4583e-05, 4.1667e-05, 4.9583e-05, 6.6667e-05, 8.8333e-05, 0.00011375, 0.00014833, 0.0001925, 0.00022958, 0.00026583, 0.00029333, 0.0003175, 0.0003346, 0.00034583, 0.00035707, 0.00036877, 0.00038, 0.0003854, 0.00038793, 0.0003904, 0.0003929, 0.00039543, 0.0003979, 0.00040043, 0.0004029
11600, 3.75e-05, 3.75e-05, 4.2917e-05, 4.9583e-05, 6.75e-05, 8.7917e-05, 0.00011292, 0.00014875, 0.00019167, 0.00022833, 0.0002675, 0.00029667, 0.00032167, 0.00034, 0.00035043, 0.00036127, 0.00037167, 0.0003825, 0.0003875, 0.0003896, 0.00039167, 0.00039377, 0.00039623, 0.00039833, 0.00040043, 0.0004025
ENDTABLE



LOG_ENTRY Used Dataset: Powertrain: Fuel Consumption Rate; 150 kW Gasoline Engine
#Library : Powertrain: Fuel Consumption Rate
#DataSet : 150 kW Gasoline Engine
#Category: 
#FileID  : FuelRate_a32b7233-c00b-43fa-b605-4c55b974550c
#Product : CarSim 2017.1
#VehCode Fuel Rate

END
